Flow ID,Source IP,Source Port,Destination IP,Destination Port,Protocol,Timestamp,Flow Duration,Total Fwd Packets,Total Backward Packets,Total Length of Fwd Packets,Total Length of Bwd Packets,Fwd Packet Length Max,Fwd Packet Length Min,Fwd Packet Length Mean,Fwd Packet Length Std,Bwd Packet Length Max,Bwd Packet Length Min,Bwd Packet Length Mean,Bwd Packet Length Std,Flow Bytes/s,Flow Packets/s,Flow IAT Mean,Flow IAT Std,Flow IAT Max,Flow IAT Min,Fwd IAT Total,Fwd IAT Mean,Fwd IAT Std,Fwd IAT Max,Fwd IAT Min,Bwd IAT Total,Bwd IAT Mean,Bwd IAT Std,Bwd IAT Max,Bwd IAT Min,Fwd PSH Flags,Bwd PSH Flags,Fwd URG Flags,Bwd URG Flags,Fwd Header Length,Bwd Header Length,Fwd Packets/s,Bwd Packets/s,Min Packet Length,Max Packet Length,Packet Length Mean,Packet Length Std,Packet Length Variance,FIN Flag Count,SYN Flag Count,RST Flag Count,PSH Flag Count,ACK Flag Count,URG Flag Count,CWE Flag Count,ECE Flag Count,Down/Up Ratio,Average Packet Size,Avg Fwd Segment Size,Avg Bwd Segment Size,Fwd Header Length.1,Fwd Avg Bytes/Bulk,Fwd Avg Packets/Bulk,Fwd Avg Bulk Rate,Bwd Avg Bytes/Bulk,Bwd Avg Packets/Bulk,Bwd Avg Bulk Rate,Subflow Fwd Packets,Subflow Fwd Bytes,Subflow Bwd Packets,Subflow Bwd Bytes,Init_Win_bytes_forward,Init_Win_bytes_backward,act_data_pkt_fwd,min_seg_size_forward,Active Mean,Active Std,Active Max,Active Min,Idle Mean,Idle Std,Idle Max,Idle Min
192.168.2.55-35.215.189.119-62822-50004-17,35.215.189.119,50004,192.168.2.55,62822,17,2026-02-02 20:34:17,29838212,945,24,194189,1448,367,36,205.49100529100528,93.59206865926518,88,36,60.333333333333336,19.490738541391625,6556.5925972092555,32.47513623034379,0.061496365033359784,0.30042982552045366,4.86852502822876,0.0,29.83821201324463,0.03160827543775914,0.10896817903449126,0.8999319076538086,0.0,29.628772974014282,1.2882075206093166,1.3288816446339202,4.86852502822876,0.011717081069946289,0,0,0,0,26460,672,31.67079849089255,0.8043377394512394,36,367,201.89576883384933,95.18866428689196,9060.881808722621,0,0,0,0,0,0,0,0,0.025396825396825397,201.89576883384933,205.49100529100528,60.333333333333336,26460,0,0,0,0,0,0,945,194189,24,1448,-1,-1,945,36,0.03348845343798499,0.1055392445097286,0.8999319076538086,3.504753112792969e-05,0,0,0,0
162.159.136.234-192.168.2.55-443-12797-6,162.159.136.234,443,192.168.2.55,12797,6,2026-02-02 20:34:17,29843628,129,100,34402,4309,1228,40,266.6821705426357,205.38883466011652,202,40,43.09,21.655989933503385,1297.1277772986198,7.673329570442094,0.26221347170254206,0.2906316916097396,1.682499885559082,0.0,29.843628883361816,0.2331533506512642,0.28432552848835435,1.682499885559082,0.0,29.678829193115234,0.29978615346581045,0.29436554912199375,1.678717851638794,0.004697084426879883,127,2,0,0,5160,4000,4.322530631384411,3.350798939057683,40,1228,169.04366812227073,190.43656536847024,36266.08542933964,0,0,0,129,229,0,0,0,0.7751937984496124,169.04366812227073,266.6821705426357,43.09,5160,0,0,0,0,0,0,129,34402,100,4309,16,8681,129,40,0.1206194369445944,0.1704753722741624,0.8474071025848389,3.314018249511719e-05,1.383896271387736,0.19800129977403896,1.6335928440093994,1.1492960453033447
192.168.2.55-64.233.189.188-8590-5228-6,192.168.2.55,8590,64.233.189.188,5228,6,2026-02-02 20:34:17,74945,1,1,41,52,41,41,41.0,0,52,52,52.0,0,1240.9065002242774,26.686161295145748,0,0,0,0,0,0,0,0,0,0,0,0,0,0,0,0,0,0,40,52,13.343080647572874,13.343080647572874,41,52,46.5,5.5,30.25,0,0,0,0,2,0,0,0,1.0,46.5,41.0,52.0,40,0,0,0,0,0,0,1,41,1,52,509,1047,1,41,0.07494521141052246,0,0.07494521141052246,0.07494521141052246,0,0,0,0
172.253.144.95-192.168.2.55-443-13019-6,192.168.2.55,13019,172.253.144.95,443,6,2026-02-02 20:34:18,42587,1,1,41,52,41,41,41.0,0,52,52,52.0,0,2183.7628524882016,46.96264198899358,0,0,0,0,0,0,0,0,0,0,0,0,0,0,0,0,0,0,40,52,23.48132099449679,23.48132099449679,41,52,46.5,5.5,30.25,0,0,0,0,2,0,0,0,1.0,46.5,41.0,52.0,40,0,0,0,0,0,0,1,41,1,52,8235,1043,1,41,0.0425870418548584,0,0.0425870418548584,0.0425870418548584,0,0,0,0
162.159.138.232-192.168.2.55-443-54546-17,192.168.2.55,54546,162.159.138.232,443,17,2026-02-02 20:34:20,21982874,29,28,15999,9328,1278,73,551.6896551724138,517.2191627412674,1228,50,333.14285714285717,422.63364025779,1152.1241033954911,2.5929274645059817,0.7981687068939209,1.7114278505807217,7.211603164672852,0.0,21.982874870300293,0.7851026739392962,1.6873164640800167,7.149301052093506,0.00011587142944335938,21.916404008865356,0.8117186669950132,1.7359747138748094,7.211603164672852,0.0,0,0,0,0,812,784,1.3192087100118153,1.2737187544941664,50,1278,444.3333333333333,485.57617550928325,235784.22222222225,0,0,0,0,0,0,0,0,0.9655172413793104,444.3333333333333,551.6896551724138,333.14285714285717,812,0,0,0,0,0,0,29,15999,28,9328,-1,-1,29,50,0.05203301565987723,0.07445745220216375,0.2565031051635742,0.00011587142944335938,3.8866514205932616,2.040824448187519,7.149301052093506,1.0048980712890625
162.159.128.235-192.168.2.55-443-12826-6,192.168.2.55,12826,162.159.128.235,443,6,2026-02-02 20:34:20,13911407,4,4,306,272,113,40,76.5,36.5,96,40,68.0,28.0,41.54863419861092,0.575067601364857,4.621899684270223,6.360387079269729,13.658600091934204,0.07914495468139648,13.911407947540283,4.637135982513428,6.319794509397494,13.5746750831604,0.16808390617370605,13.819990158081055,4.6066633860270185,6.400685952747845,13.658600091934204,0.07914495468139648,2,2,0,0,160,160,0.2875338006824285,0.2875338006824285,40,113,72.25,32.80529682840867,1076.1875,0,0,0,4,8,0,0,0,1.0,72.25,76.5,68.0,160,0,0,0,0,0,0,4,306,4,272,510,18,4,40,0.056122144063313804,0.01781806738521353,0.0822451114654541,0.03832507133483887,13.5746750831604,0,13.5746750831604,13.5746750831604
142.250.197.234-192.168.2.55-443-13012-6,192.168.2.55,13012,142.250.197.234,443,6,2026-02-02 20:34:22,15111625,2,2,82,104,41,41,41.0,0.0,52,52,52.0,0.0,12.30840421210483,0.26469686477644794,15.063238501548767,0.00031745433807373047,15.06355595588684,15.062921047210693,15.062921047210693,15.062921047210693,0,15.062921047210693,15.062921047210693,15.06355595588684,15.06355595588684,0,15.06355595588684,15.06355595588684,0,0,0,0,80,104,0.13234843238822397,0.13234843238822397,41,52,46.5,5.5,30.25,0,0,0,0,4,0,0,0,1.0,46.5,41.0,52.0,80,0,0,0,0,0,0,2,82,2,104,509,1047,2,41,0.04838740825653076,0.00031745433807373047,0.04870486259460449,0.04806995391845703,15.014851093292236,0,15.014851093292236,15.014851093292236
142.250.197.74-192.168.2.55-443-13011-6,192.168.2.55,13011,142.250.197.74,443,6,2026-02-02 20:34:23,15083489,2,2,82,104,41,41,41.0,0.0,52,52,52.0,0.0,12.331364300736308,0.26519063012336147,15.04281461238861,0.0009495019912719727,15.043764114379883,15.041865110397339,15.041865110397339,15.041865110397339,0,15.041865110397339,15.041865110397339,15.043764114379883,15.043764114379883,0,15.043764114379883,15.043764114379883,0,0,0,0,80,104,0.13259531506168074,0.13259531506168074,41,52,46.5,5.5,30.25,0,0,0,0,4,0,0,0,1.0,46.5,41.0,52.0,80,0,0,0,0,0,0,2,82,2,104,511,1047,2,41,0.040674567222595215,0.0009495019912719727,0.04162406921386719,0.03972506523132324,15.002140045166016,0,15.002140045166016,15.002140045166016
192.168.2.55-34.54.84.110-13023-443-6,192.168.2.55,13023,34.54.84.110,443,6,2026-02-02 20:34:23,19670692,28,47,3811,31852,716,40,136.10714285714286,185.3722778021326,1438,40,677.7021276595744,666.9974613143054,1813.0017149776354,3.8127787517405336,0.5381826146008217,2.850933646470823,17.501588821411133,0.0,19.670692920684814,0.7285441822475858,3.293438548579637,17.496052026748657,3.600120544433594e-05,19.61663794517517,0.4264486509820689,2.549153495137106,17.501588821411133,0.0,16,22,0,0,1120,1880,1.4234374006497992,2.3893413510907346,40,1438,475.50666666666666,600.2073280310915,360248.8366222222,2,0,0,38,75,0,0,0,1.6785714285714286,475.50666666666666,136.10714285714286,677.7021276595744,1120,0,0,0,0,0,0,28,3811,47,31852,510,1044,28,40,0.04267826905617347,0.12460199914476856,0.8385629653930664,1.8835067749023438e-05,17.451422929763794,0,17.451422929763794,17.451422929763794
192.168.2.55-49.213.95.30-9858-443-6,49.213.95.30,443,192.168.2.55,9858,6,2026-02-02 20:34:23,2314886,5,4,2497,223,1438,40,499.4,561.7499799732974,103,40,55.75,27.279800219209818,1175.0038190047187,3.887880283471496,0.6551143101283482,0.5934258389365085,1.4414470195770264,0.0,2.3148272037506104,0.5787068009376526,0.6125675902601705,1.4414470195770264,0.0,2.270972967147827,0.7569909890492758,0.5506463991550008,1.396075963973999,0.05209803581237793,3,1,0,0,200,160,2.159933490817498,1.7279467926539982,40,1438,302.22222222222223,473.5423899311744,224242.3950617284,0,0,0,4,9,0,0,0,0.8,302.22222222222223,499.4,55.75,200,0,0,0,0,0,0,5,2497,4,223,144,513,5,40,0.1837738037109375,0.3200533691366618,0.8227989673614502,5.888938903808594e-05,1.396017074584961,0,1.396017074584961,1.396017074584961
192.168.2.55-8.8.4.4-63175-443-17,192.168.2.55,63175,8.8.4.4,443,17,2026-02-02 20:34:23,112043,11,11,3548,3983,1278,61,322.54545454545456,456.25697775712547,1278,51,362.09090909090907,408.1328782161415,67214.75110757406,196.35168295931874,0.008011794090270996,0.015169460352431604,0.04362201690673828,0.0,0.11204385757446289,0.011204385757446289,0.017194262270738843,0.04362201690673828,0.0001571178436279297,0.04819202423095703,0.004819202423095703,0.012008210383999822,0.04049205780029297,0.0,0,0,0,0,308,308,98.17584147965937,98.17584147965937,51,1278,342.3181818181818,433.3155879498574,187762.3987603306,0,0,0,0,0,0,0,0,1.0,342.3181818181818,322.54545454545456,362.09090909090907,308,0,0,0,0,0,0,11,3548,11,3983,-1,-1,11,51,0.007469590504964193,0.012376245587620722,0.04239988327026367,0.00010418891906738281,0,0,0,0
192.168.2.55-49.213.95.137-13026-443-6,192.168.2.55,13026,49.213.95.137,443,6,2026-02-02 20:34:23,2269572,14,12,2983,4245,593,40,213.07142857142858,223.57563893799033,1438,40,353.75,455.3509864196336,3184.740074537158,11.455899548694813,0.1885602573553721,0.6007912459517314,2.183122158050537,0.0,2.2695729732513428,0.17458253640394944,0.5785523879390965,2.178386926651001,6.29425048828125e-05,2.255873203277588,0.20507938211614435,0.6256534084991601,2.183122158050537,0.0,8,6,0,0,572,492,6.1685612954510525,5.287338253243759,40,1438,278.0,357.115365974897,127531.38461538461,0,2,0,14,25,0,0,0,0.8571428571428571,278.0,213.07142857142858,353.75,572,0,0,0,0,0,0,14,2983,12,4245,64240,42340,14,40,0.005153731295936986,0.009312321137652218,0.039823055267333984,6.29425048828125e-05,2.17165207862854,0,2.17165207862854,2.17165207862854
142.250.197.74-192.168.2.55-443-13009-6,192.168.2.55,13009,142.250.197.74,443,6,2026-02-02 20:34:25,15154536,2,2,82,104,41,41,41.0,0.0,52,52,52.0,0.0,12.273552940952143,0.26394737507423965,15.108391046524048,0.0014829635620117188,15.10987401008606,15.106908082962036,15.10987401008606,15.10987401008606,0,15.10987401008606,15.10987401008606,15.106908082962036,15.106908082962036,0,15.106908082962036,15.106908082962036,0,0,0,0,80,104,0.13197368753711983,0.13197368753711983,41,52,46.5,5.5,30.25,0,0,0,0,4,0,0,0,1.0,46.5,41.0,52.0,80,0,0,0,0,0,0,2,82,2,104,513,1044,2,41,0.046144962310791016,0.0014829635620117188,0.047627925872802734,0.0446619987487793,15.062246084213257,0,15.062246084213257,15.062246084213257
192.168.2.55-35.186.224.35-9171-443-6,192.168.2.55,9171,35.186.224.35,443,6,2026-02-02 20:34:25,47410,1,1,75,40,75,75,75.0,0,40,40,40.0,0,2425.6480196326916,42.185182950133765,0,0,0,0,0,0,0,0,0,0,0,0,0,0,1,0,0,0,40,40,21.092591475066882,21.092591475066882,40,75,57.5,17.5,306.25,0,0,0,1,2,0,0,0,1.0,57.5,75.0,40.0,40,0,0,0,0,0,0,1,75,1,40,511,1050,1,40,0.047410011291503906,0,0.047410011291503906,0.047410011291503906,0,0,0,0
192.168.2.55-8.8.4.4-62571-443-17,192.168.2.55,62571,8.8.4.4,443,17,2026-02-02 20:34:26,160070,16,17,4253,5305,1278,61,265.8125,390.1801216665836,1278,50,312.05882352941177,362.7787318800515,59711.04198181076,206.15865091020666,0.008680320555163969,0.014854993203916185,0.04454493522644043,0.0,0.1503438949584961,0.010022926330566406,0.014618991986424372,0.04198098182678223,0.00011205673217773438,0.11874604225158691,0.007421627640724182,0.014963881171810932,0.04454493522644043,0.0,0,0,0,0,448,476,99.9557095322214,106.20294137798524,50,1278,289.6363636363636,377.02261150596377,142146.04958677688,0,0,0,0,0,0,0,0,1.0625,289.6363636363636,265.8125,312.05882352941177,448,0,0,0,0,0,0,16,4253,17,5305,-1,-1,16,50,0.006959604180377462,0.012139675597385527,0.04067087173461914,8.106231689453125e-05,0,0,0,0
14.238.122.124-192.168.2.55-443-13027-6,192.168.2.55,13027,14.238.122.124,443,6,2026-02-02 20:34:26,10056699,13,15,1560,5321,557,40,120.0,149.9748696897635,1438,40,354.73333333333335,472.86227264277375,684.2204705324029,2.784213511830734,0.7727173475118784,2.656819194990423,9.999722003936768,0.0,10.042654037475586,0.8368878364562988,2.7627019809303524,9.999722003936768,8.487701416015625e-05,10.047996997833252,0.7177140712738037,2.5613034909145855,9.952506065368652,0.0,5,7,0,0,532,612,1.2926705590642693,1.4915429527664648,40,1438,245.75,379.3845227093859,143932.61607142858,2,2,0,12,27,0,0,0,1.1538461538461537,245.75,120.0,354.73333333333335,532,0,0,0,0,0,0,13,1560,15,5321,64240,29200,13,40,0.005209696292877197,0.01064920876712687,0.04710197448730469,2.8848648071289062e-05,9.952506065368652,0,9.952506065368652,9.952506065368652
14.238.143.151-192.168.2.55-443-13028-6,192.168.2.55,13028,14.238.143.151,443,6,2026-02-02 20:34:26,296719,39,114,2589,154207,557,40,66.38461538461539,93.63448175522744,1438,40,1352.6929824561403,317.112303069073,528432.4925747069,515.6392469446297,0.0037344165195692452,0.009978619960614124,0.06001901626586914,0.0,0.2967190742492676,0.007808396690770199,0.013261343864879267,0.06000781059265137,0.00011301040649414062,0.2671778202056885,0.0023644054885459155,0.008152260709415498,0.06001901626586914,0.0,5,58,0,0,1572,4572,131.43745510353307,384.2017918410966,40,1438,1024.81045751634,625.6301894955897,391413.13400828745,0,2,0,63,152,0,0,0,2.923076923076923,1024.81045751634,66.38461538461539,1352.6929824561403,1572,0,0,0,0,0,0,39,2589,114,154207,64240,21900,39,40,0.0040646448527296925,0.009904081925168916,0.059942007064819336,2.47955322265625e-05,0,0,0,0
192.168.2.55-192.168.3.255-57621-57621-17,192.168.2.55,57621,192.168.3.255,57621,17,2026-02-02 20:34:28,1,1,0,72,0,72,72,72.0,0,0,0,0,0,72000000.0,1000000.0,0,0,0,0,0,0,0,0,0,0,0,0,0,0,0,0,0,0,28,0,1000000.0,0.0,72,72,72.0,0,0,0,0,0,0,0,0,0,0,0.0,72.0,72.0,0,28,0,0,0,0,0,0,1,72,0,0,-1,-1,1,72,0,0,0,0,0,0,0,0
14.238.143.173-192.168.2.55-443-12993-6,192.168.2.55,12993,14.238.143.173,443,6,2026-02-02 20:34:28,39129,1,1,41,52,41,41,41.0,0,52,52,52.0,0,2376.7526733650584,51.11296071752813,0,0,0,0,0,0,0,0,0,0,0,0,0,0,0,0,0,0,40,52,25.556480358764066,25.556480358764066,41,52,46.5,5.5,30.25,0,0,0,0,2,0,0,0,1.0,46.5,41.0,52.0,40,0,0,0,0,0,0,1,41,1,52,513,21,1,41,0.039129018783569336,0,0.039129018783569336,0.039129018783569336,0,0,0,0
1.1.1.1-192.168.2.55-53-49989-17,192.168.2.55,49989,1.1.1.1,53,17,2026-02-02 20:34:29,52152,1,1,64,144,64,64,64.0,0,144,144,144.0,0,3988.329776631831,38.349324775306066,0,0,0,0,0,0,0,0,0,0,0,0,0,0,0,0,0,0,28,28,19.174662387653033,19.174662387653033,64,144,104.0,40.0,1600.0,0,0,0,0,0,0,0,0,1.0,104.0,64.0,144.0,28,0,0,0,0,0,0,1,64,1,144,-1,-1,1,64,0.052152156829833984,0,0.052152156829833984,0.052152156829833984,0,0,0,0
1.1.1.1-192.168.2.55-53-64275-17,192.168.2.55,64275,1.1.1.1,53,17,2026-02-02 20:34:29,52002,1,1,64,188,64,64,64.0,0,188,188,188.0,0,4845.88296136001,38.4593885822223,0,0,0,0,0,0,0,0,0,0,0,0,0,0,0,0,0,0,28,28,19.22969429111115,19.22969429111115,64,188,126.0,62.0,3844.0,0,0,0,0,0,0,0,0,1.0,126.0,64.0,188.0,28,0,0,0,0,0,0,1,64,1,188,-1,-1,1,64,0.052002906799316406,0,0.052002906799316406,0.052002906799316406,0,0,0,0
192.168.2.55-224.0.0.251-5353-5353-17,192.168.2.55,5353,224.0.0.251,5353,17,2026-02-02 20:34:29,1,1,0,73,0,73,73,73.0,0,0,0,0,0,73000000.0,1000000.0,0,0,0,0,0,0,0,0,0,0,0,0,0,0,0,0,0,0,28,0,1000000.0,0.0,73,73,73.0,0,0,0,0,0,0,0,0,0,0,0.0,73.0,73.0,0,28,0,0,0,0,0,0,1,73,0,0,-1,-1,1,73,0,0,0,0,0,0,0,0
162.159.133.233-192.168.2.55-443-49167-17,192.168.2.55,49167,162.159.133.233,443,17,2026-02-02 20:34:29,244275,10,10,4967,4870,1278,71,496.7,539.4690074508451,1228,50,487.0,537.3788235500167,40270.17194435877,81.87490483756993,0.022308005226982966,0.03230804350079851,0.09958195686340332,0.0,0.24427509307861328,0.027141677008734807,0.0335793739903951,0.09802794456481934,9.918212890625e-05,0.15726900100708008,0.01747433344523112,0.030221122188375905,0.09958195686340332,0.0,0,0,0,0,280,280,40.937452418784964,40.937452418784964,50,1278,491.85,538.4467731354698,289924.92750000005,0,0,0,0,0,0,0,0,1.0,491.85,496.7,487.0,280,0,0,0,0,0,0,10,4967,10,4870,-1,-1,10,50,0.016285006205240884,0.0201077390206276,0.061618804931640625,9.918212890625e-05,0,0,0,0
192.168.2.55-239.255.255.250-58010-1900-17,192.168.2.55,58010,239.255.255.250,1900,17,2026-02-02 20:34:31,1,1,0,153,0,153,153,153.0,0,0,0,0,0,153000000.0,1000000.0,0,0,0,0,0,0,0,0,0,0,0,0,0,0,0,0,0,0,28,0,1000000.0,0.0,153,153,153.0,0,0,0,0,0,0,0,0,0,0,0.0,153.0,153.0,0,28,0,0,0,0,0,0,1,153,0,0,-1,-1,1,153,0,0,0,0,0,0,0,0
104.199.241.202-192.168.2.55-4070-9170-6,192.168.2.55,9170,104.199.241.202,4070,6,2026-02-02 20:34:31,120879,2,1,91,51,51,40,45.5,5.5,51,51,51.0,0,1174.7267634969348,24.8181710597944,0.1208791732788086,0,0.1208791732788086,0.1208791732788086,0.1208791732788086,0.1208791732788086,0,0.1208791732788086,0.1208791732788086,0,0,0,0,0,1,1,0,0,80,40,16.545447373196268,8.272723686598134,40,51,47.333333333333336,5.185449728701348,26.88888888888889,0,0,0,2,3,0,0,0,0.5,47.333333333333336,45.5,51.0,80,0,0,0,0,0,0,2,91,1,51,510,11,2,40,0.0604395866394043,0.008762598037719727,0.06920218467712402,0.05167698860168457,0,0,0,0
192.168.2.55-40.99.10.114-12770-443-6,192.168.2.55,12770,40.99.10.114,443,6,2026-02-02 20:34:32,45030,1,1,41,52,41,41,41.0,0,52,52,52.0,0,2065.2844390321384,44.41471911897072,0,0,0,0,0,0,0,0,0,0,0,0,0,0,0,0,0,0,40,52,22.20735955948536,22.20735955948536,41,52,46.5,5.5,30.25,0,0,0,0,2,0,0,0,1.0,46.5,41.0,52.0,40,0,0,0,0,0,0,1,41,1,52,511,251,1,41,0.04503011703491211,0,0.04503011703491211,0.04503011703491211,0,0,0,0
192.168.2.55-40.99.33.146-12771-443-6,192.168.2.55,12771,40.99.33.146,443,6,2026-02-02 20:34:33,53537,1,1,41,52,41,41,41.0,0,52,52,52.0,0,1737.088949651309,37.35675160540449,0,0,0,0,0,0,0,0,0,0,0,0,0,0,0,0,0,0,40,52,18.678375802702245,18.678375802702245,41,52,46.5,5.5,30.25,0,0,0,0,2,0,0,0,1.0,46.5,41.0,52.0,40,0,0,0,0,0,0,1,41,1,52,513,16388,1,41,0.053537845611572266,0,0.053537845611572266,0.053537845611572266,0,0,0,0
192.168.2.55-35.186.224.39-12799-443-6,192.168.2.55,12799,35.186.224.39,443,6,2026-02-02 20:34:40,138312,2,2,123,120,83,40,61.5,21.5,80,40,60.0,20.0,1756.8961616760585,28.920101426766394,0.0929485559463501,0.045363545417785645,0.13831210136413574,0.04758501052856445,0.13831210136413574,0.13831210136413574,0,0.13831210136413574,0.13831210136413574,0.04758501052856445,0.04758501052856445,0,0.04758501052856445,0.04758501052856445,1,1,0,0,80,80,14.460050713383197,14.460050713383197,40,83,60.75,20.777090749188154,431.6875,0,0,0,2,4,0,0,0,1.0,60.75,61.5,60.0,80,0,0,0,0,0,0,2,123,2,120,511,1044,2,40,0.04610403378804525,0.006695562954070303,0.053462982177734375,0.037264108657836914,0,0,0,0
192.168.2.55-35.186.224.39-12801-443-6,192.168.2.55,12801,35.186.224.39,443,6,2026-02-02 20:34:40,190006,2,2,123,120,83,40,61.5,21.5,80,40,60.0,20.0,1278.9068628496643,21.051964820570607,0.1196204423904419,0.07038557529449463,0.19000601768493652,0.049234867095947266,0.19000601768493652,0.19000601768493652,0,0.19000601768493652,0.19000601768493652,0.049234867095947266,0.049234867095947266,0,0.049234867095947266,0.049234867095947266,1,1,0,0,80,80,10.525982410285303,10.525982410285303,40,83,60.75,20.777090749188154,431.6875,0,0,0,2,4,0,0,0,1.0,60.75,61.5,60.0,80,0,0,0,0,0,0,2,123,2,120,512,1043,2,40,0.06333533922831218,0.029147277507402217,0.10392999649047852,0.03684115409851074,0,0,0,0
192.168.2.55-8.8.4.4-61861-443-17,192.168.2.55,61861,8.8.4.4,443,17,2026-02-02 20:34:41,126757,9,11,3489,5486,1278,59,387.6666666666667,482.2263184669851,1278,50,498.72727272727275,470.74140573607946,70804.68722374158,157.7820328105662,0.009306232134501139,0.01731604710774779,0.04743599891662598,0.0,0.08703398704528809,0.01087924838066101,0.018610789807816913,0.04743599891662598,0.00012612342834472656,0.08047819137573242,0.008047819137573242,0.016095638297748748,0.04024100303649902,0.0,0,0,0,0,252,308,71.00191476475479,86.7801180458114,50,1278,448.75,479.14025869258785,229575.3875,0,0,0,0,0,0,0,0,1.2222222222222223,448.75,387.6666666666667,498.72727272727275,252,0,0,0,0,0,0,9,3489,11,5486,-1,-1,9,50,0.01152337681163441,0.018114247112748273,0.04537796974182129,0.00012612342834472656,0,0,0,0
192.168.2.55-8.8.8.8-50356-53-17,192.168.2.55,50356,8.8.8.8,53,17,2026-02-02 20:34:41,38101,1,1,56,132,56,56,56.0,0,132,132,132.0,0,4934.135647733886,52.49080476312644,0,0,0,0,0,0,0,0,0,0,0,0,0,0,0,0,0,0,28,28,26.24540238156322,26.24540238156322,56,132,94.0,38.0,1444.0,0,0,0,0,0,0,0,0,1.0,94.0,56.0,132.0,28,0,0,0,0,0,0,1,56,1,132,-1,-1,1,56,0.038101911544799805,0,0.038101911544799805,0.038101911544799805,0,0,0,0
192.168.2.55-8.8.8.8-50402-53-17,192.168.2.55,50402,8.8.8.8,53,17,2026-02-02 20:34:41,59248,1,1,56,88,56,56,56.0,0,88,88,88.0,0,2430.423873678111,33.75588713441821,0,0,0,0,0,0,0,0,0,0,0,0,0,0,0,0,0,0,28,28,16.877943567209105,16.877943567209105,56,88,72.0,16.0,256.0,0,0,0,0,0,0,0,0,1.0,72.0,56.0,88.0,28,0,0,0,0,0,0,1,56,1,88,-1,-1,1,56,0.059248924255371094,0,0.059248924255371094,0.059248924255371094,0,0,0,0
192.168.2.55-8.8.8.8-60931-443-17,192.168.2.55,60931,8.8.8.8,443,17,2026-02-02 20:34:41,123727,9,11,3486,5495,1278,59,387.3333333333333,482.3774455755576,1278,50,499.54545454545456,470.5904151626712,72587.17951860395,161.64609624452498,0.00915617412990994,0.016260712545858067,0.042550086975097656,0.0,0.0835261344909668,0.01044076681137085,0.017105199868121767,0.042550086975097656,0.00012803077697753906,0.08128499984741211,0.008128499984741211,0.015475556327352945,0.04093790054321289,0.0,0,0,0,0,252,308,72.74074331003625,88.90535293448875,50,1278,449.05,479.1935386667896,229626.4475,0,0,0,0,0,0,0,0,1.2222222222222223,449.05,387.3333333333333,499.54545454545456,252,0,0,0,0,0,0,9,3486,11,5495,-1,-1,9,50,0.009517467938936673,0.01644569784627697,0.0415949821472168,0.00011301040649414062,0,0,0,0
192.168.2.55-35.186.224.24-50312-443-17,192.168.2.55,50312,35.186.224.24,443,17,2026-02-02 20:34:41,357736,9,10,4380,4272,1278,59,486.6666666666667,498.21325197594297,1278,52,427.2,461.7754432621986,24185.37699380922,53.111669311416456,0.03584498517653521,0.03144092970067548,0.10401487350463867,0.0,0.29065990447998047,0.03633248805999756,0.030108035285170753,0.08028197288513184,0.00010800361633300781,0.31870484352111816,0.03541164928012424,0.032573853565875784,0.10401487350463867,0.0,0,0,0,0,252,280,25.158159147513057,27.9535101639034,52,1278,455.36842105263156,480.29949105535525,230687.60110803327,0,0,0,0,0,0,0,0,1.1111111111111112,455.36842105263156,486.6666666666667,427.2,252,0,0,0,0,0,0,9,4380,10,4272,-1,-1,9,52,0.022358551621437073,0.021052468826843397,0.0670769214630127,0.00010800361633300781,0,0,0,0
192.168.2.55-35.186.224.22-61112-443-17,192.168.2.55,61112,35.186.224.22,443,17,2026-02-02 20:34:41,228617,23,23,6024,5072,1278,59,261.9130434782609,365.98121988447514,1278,51,220.52173913043478,347.257061726201,48535.13080604405,201.209085893838,0.009201656688343395,0.016750919820698262,0.06069588661193848,0.0,0.22861790657043457,0.010391723025928844,0.016578507058004125,0.0528261661529541,9.584426879882812e-05,0.1762549877166748,0.008011590350757946,0.016837672571674598,0.06069588661193848,0.0,0,0,0,0,644,644,100.604542946919,100.604542946919,51,1278,241.2173913043478,357.34181134080177,127693.17013232515,0,0,0,0,0,0,0,0,1.0,241.2173913043478,261.9130434782609,220.52173913043478,644,0,0,0,0,0,0,23,6024,23,5072,-1,-1,23,51,0.00714430958032608,0.013873696836269546,0.05194902420043945,9.584426879882812e-05,0,0,0,0
192.168.2.55-35.186.224.35-9178-443-6,192.168.2.55,9178,35.186.224.35,443,6,2026-02-02 20:34:42,158288,2,2,123,120,83,40,61.5,21.5,80,40,60.0,20.0,1535.1763678099978,25.27039288576128,0.10618996620178223,0.05209803581237793,0.15828800201416016,0.0540919303894043,0.15828800201416016,0.15828800201416016,0,0.15828800201416016,0.15828800201416016,0.0540919303894043,0.0540919303894043,0,0.0540919303894043,0.0540919303894043,1,1,0,0,80,80,12.63519644288064,12.63519644288064,40,83,60.75,20.777090749188154,431.6875,0,0,0,2,4,0,0,0,1.0,60.75,61.5,60.0,80,0,0,0,0,0,0,2,123,2,120,510,1044,2,40,0.05276266733805338,0.002452248237295517,0.05487203598022461,0.04932403564453125,0,0,0,0
192.168.2.55-35.186.224.24-12298-443-6,192.168.2.55,12298,35.186.224.24,443,6,2026-02-02 20:34:45,48037,1,1,41,52,41,41,41.0,0,52,52,52.0,0,1936.0055588092237,41.63452814643492,0,0,0,0,0,0,0,0,0,0,0,0,0,0,0,0,0,0,40,52,20.81726407321746,20.81726407321746,41,52,46.5,5.5,30.25,0,0,0,0,2,0,0,0,1.0,46.5,41.0,52.0,40,0,0,0,0,0,0,1,41,1,52,512,854,1,41,0.048037052154541016,0,0.048037052154541016,0.048037052154541016,0,0,0,0
192.168.2.55-35.190.80.1-12941-443-6,192.168.2.55,12941,35.190.80.1,443,6,2026-02-02 20:34:45,48535,1,1,41,52,41,41,41.0,0,52,52,52.0,0,1916.138703449902,41.20728394515918,0,0,0,0,0,0,0,0,0,0,0,0,0,0,0,0,0,0,40,52,20.60364197257959,20.60364197257959,41,52,46.5,5.5,30.25,0,0,0,0,2,0,0,0,1.0,46.5,41.0,52.0,40,0,0,0,0,0,0,1,41,1,52,509,1044,1,41,0.04853510856628418,0,0.04853510856628418,0.04853510856628418,0,0,0,0
142.250.199.196-192.168.2.55-443-60690-17,192.168.2.55,60690,142.250.199.196,443,17,2026-02-02 20:34:45,213886,7,8,2949,4223,1278,59,421.2857142857143,542.1883474233218,1278,52,527.875,518.3904024719208,33531.728420355656,70.13049725395075,0.023316071583674505,0.03375436470945236,0.1033029556274414,0.0,0.21388697624206543,0.035647829373677574,0.040554589723321224,0.1033029556274414,9.489059448242188e-05,0.08922195434570312,0.012745993477957589,0.021544223405979984,0.06372308731079102,0.0,0,0,0,0,196,224,32.727565385177016,37.402931868773734,52,1278,478.1333333333333,532.292008414763,283334.7822222222,0,0,0,0,0,0,0,0,1.1428571428571428,478.1333333333333,421.2857142857143,527.875,196,0,0,0,0,0,0,7,2949,8,4223,-1,-1,7,52,0.021388697624206542,0.02653600618524809,0.08906006813049316,9.489059448242188e-05,0,0,0,0
192.168.2.55-35.215.189.119-62822-50004-17,35.215.189.119,50004,192.168.2.55,62822,17,2026-02-02 20:34:17,53657540,1664,40,355469,2360,371,36,213.6231971153846,93.93881225282104,88,36,59.0,18.627936010197157,6668.755210301292,31.756953400516455,0.06215117330696832,0.284929054964533,4.86852502822876,0.0,53.65754008293152,0.03226550816772791,0.10943567317245614,1.1484270095825195,0.0,52.123756885528564,1.3365065868084247,1.170570389914266,4.86852502822876,0.011717081069946289,0,0,0,0,46592,1120,31.01148501083297,0.7454683896834848,36,371,209.99354460093898,95.7786624900075,9173.552188374772,0,0,0,0,0,0,0,0,0.02403846153846154,209.99354460093898,213.6231971153846,59.0,46592,0,0,0,0,0,0,1664,355469,40,2360,-1,-1,1664,36,0.03346661126408477,0.10201260325357335,0.8999319076538086,3.504753112792969e-05,1.1484270095825195,0,1.1484270095825195,1.1484270095825195
162.159.136.234-192.168.2.55-443-12797-6,162.159.136.234,443,192.168.2.55,12797,6,2026-02-02 20:34:17,59974236,294,208,79664,10223,1427,40,270.96598639455783,225.12392399742816,1438,40,49.14903846153846,98.3449184241091,1498.7602101913803,8.370260721973956,0.23961732625961304,0.25550217683616183,1.682499885559082,0.0,59.97423696517944,0.2046902285501005,0.24602779713643702,1.682499885559082,0.0,59.834426164627075,0.28905519886293274,0.2604541289472114,1.678717851638794,0.0,289,4,0,0,11772,8332,4.902104884980763,3.468155836993193,40,1438,179.0577689243028,213.608660895023,45628.66000936493,0,0,0,293,502,0,0,0,0.7074829931972789,179.0577689243028,270.96598639455783,49.14903846153846,11772,0,0,0,0,0,0,294,79664,208,10223,16,8681,294,40,0.11522041264346487,0.156655428275958,0.9547719955444336,2.5987625122070312e-05,1.3687454462051392,0.17347054085722297,1.6335928440093994,1.1492960453033447
192.168.2.55-64.233.189.188-8590-5228-6,192.168.2.55,8590,64.233.189.188,5228,6,2026-02-02 20:34:17,45172426,2,2,82,104,41,41,41.0,0.0,52,52,52.0,0.0,4.117556118829587,0.08854959395332444,45.098446011543274,0.0009649991989135742,45.09941101074219,45.09748101234436,45.09941101074219,45.09941101074219,0,45.09941101074219,45.09941101074219,45.09748101234436,45.09748101234436,0,45.09748101234436,45.09748101234436,0,0,0,0,80,104,0.04427479697666222,0.04427479697666222,41,52,46.5,5.5,30.25,0,0,0,0,4,0,0,0,1.0,46.5,41.0,52.0,80,0,0,0,0,0,0,2,82,2,104,509,1047,2,41,0.07398021221160889,0.0009649991989135742,0.07494521141052246,0.07301521301269531,45.024465799331665,0,45.024465799331665,45.024465799331665
172.253.144.95-192.168.2.55-443-13019-6,192.168.2.55,13019,172.253.144.95,443,6,2026-02-02 20:34:18,45155749,2,2,82,104,41,41,41.0,0.0,52,52,52.0,0.0,4.119076834710618,0.08858229752065845,45.113829016685486,0.0006669759750366211,45.11449599266052,45.11316204071045,45.11449599266052,45.11449599266052,0,45.11449599266052,45.11449599266052,45.11316204071045,45.11316204071045,0,45.11316204071045,45.11316204071045,0,0,0,0,80,104,0.044291148760329226,0.044291148760329226,41,52,46.5,5.5,30.25,0,0,0,0,4,0,0,0,1.0,46.5,41.0,52.0,80,0,0,0,0,0,0,2,82,2,104,8235,1043,2,41,0.04192006587982178,0.0006669759750366211,0.0425870418548584,0.041253089904785156,45.071908950805664,0,45.071908950805664,45.071908950805664
162.159.138.232-192.168.2.55-443-54546-17,192.168.2.55,54546,162.159.138.232,443,17,2026-02-02 20:34:20,50128969,55,60,30496,23108,1278,73,554.4727272727273,525.0361668770311,1228,50,385.1333333333333,460.8450739914904,1069.321793338933,2.2940826474512592,0.8867087701780606,1.8194737944991404,7.877375841140747,0.0,50.12896990776062,0.9283142575511226,1.838890051783851,7.826274871826172,7.200241088867188e-05,50.06912112236023,0.8486291715654276,1.8006772108144027,7.877375841140747,0.0,0,0,0,0,1540,1680,1.0971699618245154,1.196912685626744,50,1278,466.1217391304348,499.8001887333027,249800.228657845,0,0,0,0,0,0,0,0,1.0909090909090908,466.1217391304348,554.4727272727273,385.1333333333333,1540,0,0,0,0,0,0,55,30496,60,23108,-1,-1,55,50,0.07376633920977192,0.15076265275023218,0.9451560974121094,7.200241088867188e-05,4.326870036125183,1.9671135752398297,7.826274871826172,1.0048980712890625
162.159.128.235-192.168.2.55-443-12826-6,192.168.2.55,12826,162.159.128.235,443,6,2026-02-02 20:34:20,55165188,10,10,765,680,113,40,76.5,36.5,96,40,68.0,28.0,26.19405553478233,0.3625474814502745,6.124897784656948,6.72283152448939,14.652658939361572,0.07364106178283691,55.16518807411194,6.129465341567993,6.674621245353755,14.541742086410522,0.16808390617370605,55.082972049713135,6.120330227745904,6.770695453146351,14.652658939361572,0.07364106178283691,5,5,0,0,400,400,0.18127374072513724,0.18127374072513724,40,113,72.25,32.80529682840867,1076.1875,0,0,0,10,20,0,0,0,1.0,72.25,76.5,68.0,400,0,0,0,0,0,0,10,765,10,680,510,18,10,40,0.05782405535380045,0.015558033508089238,0.0822451114654541,0.03832507133483887,13.574456810951233,0.6844514886130098,14.541742086410522,12.605822086334229
142.250.197.234-192.168.2.55-443-13012-6,192.168.2.55,13012,142.250.197.234,443,6,2026-02-02 20:34:22,45414332,4,4,164,208,41,41,41.0,0.0,52,52,52.0,0.0,8.191246606928027,0.1761558410092049,15.122297326723734,0.05855286247454422,15.205157995223999,15.062921047210693,45.36752104759216,15.122507015864054,0.06031491459667373,15.205157995223999,15.062921047210693,45.366262912750244,15.122087637583414,0.056735337718661676,15.198881149291992,15.06355595588684,0,0,0,0,160,208,0.08807792050460245,0.08807792050460245,41,52,46.5,5.5,30.25,0,0,0,0,8,0,0,0,1.0,46.5,41.0,52.0,160,0,0,0,0,0,0,4,164,4,208,509,1047,4,41,0.046503663063049316,0.0024497142757685243,0.04870486259460449,0.042428016662597656,15.076106071472168,0.05936421542994545,15.156453132629395,15.014851093292236
142.250.197.74-192.168.2.55-443-13011-6,192.168.2.55,13011,142.250.197.74,443,6,2026-02-02 20:34:23,45182190,4,4,164,208,41,41,41.0,0.0,52,52,52.0,0.0,8.233332614453667,0.17706091643986382,15.047696034113565,0.004989685554271635,15.055706977844238,15.041865110397339,45.14371109008789,15.047903696695963,0.005787050747929641,15.055706977844238,15.041865110397339,45.142465114593506,15.047488371531168,0.004027123043271099,15.05308198928833,15.043764114379883,0,0,0,0,160,208,0.08853045821993191,0.08853045821993191,41,52,46.5,5.5,30.25,0,0,0,0,8,0,0,0,1.0,46.5,41.0,52.0,160,0,0,0,0,0,0,4,164,4,208,511,1047,4,41,0.03970682621002197,0.0011920983612412083,0.04162406921386719,0.03847908973693848,15.007787624994913,0.004897117321978491,15.014082908630371,15.002140045166016
192.168.2.55-34.54.84.110-13023-443-6,192.168.2.55,13023,34.54.84.110,443,6,2026-02-02 20:34:23,19670692,28,47,3811,31852,716,40,136.10714285714286,185.3722778021326,1438,40,677.7021276595744,666.9974613143054,1813.0017149776354,3.8127787517405336,0.5381826146008217,2.850933646470823,17.501588821411133,0.0,19.670692920684814,0.7285441822475858,3.293438548579637,17.496052026748657,3.600120544433594e-05,19.61663794517517,0.4264486509820689,2.549153495137106,17.501588821411133,0.0,16,22,0,0,1120,1880,1.4234374006497992,2.3893413510907346,40,1438,475.50666666666666,600.2073280310915,360248.8366222222,2,0,0,38,75,0,0,0,1.6785714285714286,475.50666666666666,136.10714285714286,677.7021276595744,1120,0,0,0,0,0,0,28,3811,47,31852,510,1044,28,40,0.04267826905617347,0.12460199914476856,0.8385629653930664,1.8835067749023438e-05,17.451422929763794,0,17.451422929763794,17.451422929763794
192.168.2.55-49.213.95.30-9858-443-6,49.213.95.30,443,192.168.2.55,9858,6,2026-02-02 20:34:23,30078016,6,6,2795,488,1438,40,465.8333333333333,518.2690474604436,225,40,81.33333333333333,68.24384384120097,109.14948283973378,0.39896247154334613,6.0062021017074585,10.863068835823173,27.71308994293213,0.0,30.02791714668274,6.005583429336548,10.867573372264776,27.71308994293213,0.0,30.034103870391846,6.006820774078369,10.858562395482924,27.700518131256104,0.05209803581237793,4,2,0,0,240,240,0.19948123577167307,0.19948123577167307,40,1438,273.5833333333333,416.64142423538357,173590.07638888888,0,0,0,6,12,0,0,0,1.0,273.5833333333333,465.8333333333333,81.33333333333333,240,0,0,0,0,0,0,6,2795,6,488,144,513,6,40,0.14021168436322892,0.279306846949723,0.8227989673614502,5.888938903808594e-05,14.548267602920532,13.152250528335571,27.700518131256104,1.396017074584961
192.168.2.55-8.8.4.4-63175-443-17,192.168.2.55,63175,8.8.4.4,443,17,2026-02-02 20:34:23,112043,11,11,3548,3983,1278,61,322.54545454545456,456.25697775712547,1278,51,362.09090909090907,408.1328782161415,67214.75110757406,196.35168295931874,0.008011794090270996,0.015169460352431604,0.04362201690673828,0.0,0.11204385757446289,0.011204385757446289,0.017194262270738843,0.04362201690673828,0.0001571178436279297,0.04819202423095703,0.004819202423095703,0.012008210383999822,0.04049205780029297,0.0,0,0,0,0,308,308,98.17584147965937,98.17584147965937,51,1278,342.3181818181818,433.3155879498574,187762.3987603306,0,0,0,0,0,0,0,0,1.0,342.3181818181818,322.54545454545456,362.09090909090907,308,0,0,0,0,0,0,11,3548,11,3983,-1,-1,11,51,0.007469590504964193,0.012376245587620722,0.04239988327026367,0.00010418891906738281,0,0,0,0
192.168.2.55-49.213.95.137-13026-443-6,192.168.2.55,13026,49.213.95.137,443,6,2026-02-02 20:34:23,32287090,16,16,3063,4482,593,40,191.4375,216.82711106720487,1438,40,280.125,414.572049678943,233.68472718078027,0.9911081868502277,2.1517099301020304,7.464511466798122,30.00789499282837,0.0,32.27780890464783,2.151853926976522,7.4644228553480785,30.007892847061157,6.29425048828125e-05,32.273488998413086,2.151565933227539,7.464600074418478,30.00789499282837,0.0,8,8,0,0,652,652,0.49555409342511386,0.49555409342511386,40,1438,235.78125,333.7789064612045,111408.3583984375,2,2,0,16,31,0,0,0,1.0,235.78125,191.4375,280.125,652,0,0,0,0,0,0,16,3063,16,4482,64240,42340,16,40,0.004892804405905984,0.008821295145616626,0.039823055267333984,6.29425048828125e-05,16.08972454071045,13.91807246208191,30.00779700279236,2.17165207862854
142.250.197.74-192.168.2.55-443-13009-6,192.168.2.55,13009,142.250.197.74,443,6,2026-02-02 20:34:25,45444552,4,4,164,208,41,41,41.0,0.0,52,52,52.0,0.0,8.185799535350696,0.1760386996849612,15.13276449839274,0.04978489756585244,15.202316045761108,15.087700843811035,45.399662017822266,15.133220672607422,0.04944318943526115,15.201974153518677,15.08781385421753,45.39692497253418,15.13230832417806,0.05012012450029869,15.202316045761108,15.087700843811035,0,0,0,0,160,208,0.0880193498424806,0.0880193498424806,41,52,46.5,5.5,30.25,0,0,0,0,8,0,0,0,1.0,46.5,41.0,52.0,160,0,0,0,0,0,0,4,164,4,208,513,1044,4,41,0.045432448387145996,0.0012735296787647432,0.047627925872802734,0.044548988342285156,15.087607701619467,0.04998003638773418,15.157425165176392,15.04315185546875
192.168.2.55-35.186.224.35-9171-443-6,192.168.2.55,9171,35.186.224.35,443,6,2026-02-02 20:34:25,30052946,2,2,150,80,75,75,75.0,0.0,40,40,40.0,0.0,7.653159836838354,0.13309843194501486,30.008782982826233,0.003246903419494629,30.012029886245728,30.00553607940674,30.012029886245728,30.012029886245728,0,30.012029886245728,30.012029886245728,30.00553607940674,30.00553607940674,0,30.00553607940674,30.00553607940674,2,0,0,0,80,80,0.06654921597250743,0.06654921597250743,40,75,57.5,17.5,306.25,0,0,0,2,4,0,0,0,1.0,57.5,75.0,40.0,80,0,0,0,0,0,0,2,150,2,80,511,1050,2,40,0.04416310787200928,0.003246903419494629,0.047410011291503906,0.04091620445251465,29.964619874954224,0,29.964619874954224,29.964619874954224
192.168.2.55-8.8.4.4-62571-443-17,192.168.2.55,62571,8.8.4.4,443,17,2026-02-02 20:34:26,160070,16,17,4253,5305,1278,61,265.8125,390.1801216665836,1278,50,312.05882352941177,362.7787318800515,59711.04198181076,206.15865091020666,0.008680320555163969,0.014854993203916185,0.04454493522644043,0.0,0.1503438949584961,0.010022926330566406,0.014618991986424372,0.04198098182678223,0.00011205673217773438,0.11874604225158691,0.007421627640724182,0.014963881171810932,0.04454493522644043,0.0,0,0,0,0,448,476,99.9557095322214,106.20294137798524,50,1278,289.6363636363636,377.02261150596377,142146.04958677688,0,0,0,0,0,0,0,0,1.0625,289.6363636363636,265.8125,312.05882352941177,448,0,0,0,0,0,0,16,4253,17,5305,-1,-1,16,50,0.006959604180377462,0.012139675597385527,0.04067087173461914,8.106231689453125e-05,0,0,0,0
14.238.122.124-192.168.2.55-443-13027-6,192.168.2.55,13027,14.238.122.124,443,6,2026-02-02 20:34:26,10056699,13,15,1560,5321,557,40,120.0,149.9748696897635,1438,40,354.73333333333335,472.86227264277375,684.2204705324029,2.784213511830734,0.7727173475118784,2.656819194990423,9.999722003936768,0.0,10.042654037475586,0.8368878364562988,2.7627019809303524,9.999722003936768,8.487701416015625e-05,10.047996997833252,0.7177140712738037,2.5613034909145855,9.952506065368652,0.0,5,7,0,0,532,612,1.2926705590642693,1.4915429527664648,40,1438,245.75,379.3845227093859,143932.61607142858,2,2,0,12,27,0,0,0,1.1538461538461537,245.75,120.0,354.73333333333335,532,0,0,0,0,0,0,13,1560,15,5321,64240,29200,13,40,0.005209696292877197,0.01064920876712687,0.04710197448730469,2.8848648071289062e-05,9.952506065368652,0,9.952506065368652,9.952506065368652
14.238.143.151-192.168.2.55-443-13028-6,192.168.2.55,13028,14.238.143.151,443,6,2026-02-02 20:34:26,45333167,40,115,2630,154259,557,40,65.75,92.54154472451819,1438,40,1341.3826086956522,338.03723959013223,3460.7994569758525,3.4191301865092973,0.5922177320991466,5.11338469370059,45.03652215003967,0.0,45.30561304092407,1.1616823856647198,7.112969020478867,45.008893966674805,0.00011301040649414062,45.30369997024536,0.39740087693197684,4.199303136526552,45.03652215003967,0.0,5,58,0,0,1612,4624,0.8823561771636896,2.5367740093456077,40,1438,1012.1870967741935,631.3107387537177,398553.2488657648,0,2,0,63,154,0,0,0,2.875,1012.1870967741935,65.75,1341.3826086956522,1612,0,0,0,0,0,0,40,2630,115,154259,64240,21900,40,40,0.004382069046432908,0.010203951664608175,0.059942007064819336,2.47955322265625e-05,45.008893966674805,0,45.008893966674805,45.008893966674805
192.168.2.55-192.168.3.255-57621-57621-17,192.168.2.55,57621,192.168.3.255,57621,17,2026-02-02 20:34:28,30009961,2,0,144,0,72,72,72.0,0.0,0,0,0,0,4.798406748501838,0.06664453817363664,30.009961128234863,0,30.009961128234863,30.009961128234863,30.009961128234863,30.009961128234863,0,30.009961128234863,30.009961128234863,0,0,0,0,0,0,0,0,0,56,0,0.06664453817363664,0.0,72,72,72.0,0.0,0.0,0,0,0,0,0,0,0,0,0.0,72.0,72.0,0,56,0,0,0,0,0,0,2,144,0,0,-1,-1,2,72,0,0,0,0,30.009961128234863,0,30.009961128234863,30.009961128234863
14.238.143.173-192.168.2.55-443-12993-6,192.168.2.55,12993,14.238.143.173,443,6,2026-02-02 20:34:28,45080471,2,2,82,104,41,41,41.0,0.0,52,52,52.0,0.0,4.12595502618018,0.08873021561677807,45.04424548149109,0.002902507781982422,45.04714798927307,45.041342973709106,45.04714798927307,45.04714798927307,0,45.04714798927307,45.04714798927307,45.041342973709106,45.041342973709106,0,45.041342973709106,45.041342973709106,0,0,0,0,80,104,0.04436510780838904,0.04436510780838904,41,52,46.5,5.5,30.25,0,0,0,0,4,0,0,0,1.0,46.5,41.0,52.0,80,0,0,0,0,0,0,2,82,2,104,513,21,2,41,0.036226511001586914,0.002902507781982422,0.039129018783569336,0.03332400321960449,45.0080189704895,0,45.0080189704895,45.0080189704895
1.1.1.1-192.168.2.55-53-49989-17,192.168.2.55,49989,1.1.1.1,53,17,2026-02-02 20:34:29,52152,1,1,64,144,64,64,64.0,0,144,144,144.0,0,3988.329776631831,38.349324775306066,0,0,0,0,0,0,0,0,0,0,0,0,0,0,0,0,0,0,28,28,19.174662387653033,19.174662387653033,64,144,104.0,40.0,1600.0,0,0,0,0,0,0,0,0,1.0,104.0,64.0,144.0,28,0,0,0,0,0,0,1,64,1,144,-1,-1,1,64,0.052152156829833984,0,0.052152156829833984,0.052152156829833984,0,0,0,0
1.1.1.1-192.168.2.55-53-64275-17,192.168.2.55,64275,1.1.1.1,53,17,2026-02-02 20:34:29,52002,1,1,64,188,64,64,64.0,0,188,188,188.0,0,4845.88296136001,38.4593885822223,0,0,0,0,0,0,0,0,0,0,0,0,0,0,0,0,0,0,28,28,19.22969429111115,19.22969429111115,64,188,126.0,62.0,3844.0,0,0,0,0,0,0,0,0,1.0,126.0,64.0,188.0,28,0,0,0,0,0,0,1,64,1,188,-1,-1,1,64,0.052002906799316406,0,0.052002906799316406,0.052002906799316406,0,0,0,0
192.168.2.55-224.0.0.251-5353-5353-17,192.168.2.55,5353,224.0.0.251,5353,17,2026-02-02 20:34:29,1,1,0,73,0,73,73,73.0,0,0,0,0,0,73000000.0,1000000.0,0,0,0,0,0,0,0,0,0,0,0,0,0,0,0,0,0,0,28,0,1000000.0,0.0,73,73,73.0,0,0,0,0,0,0,0,0,0,0,0.0,73.0,73.0,0,28,0,0,0,0,0,0,1,73,0,0,-1,-1,1,73,0,0,0,0,0,0,0,0
162.159.133.233-192.168.2.55-443-49167-17,192.168.2.55,49167,162.159.133.233,443,17,2026-02-02 20:34:29,244275,10,10,4967,4870,1278,71,496.7,539.4690074508451,1228,50,487.0,537.3788235500167,40270.17194435877,81.87490483756993,0.022308005226982966,0.03230804350079851,0.09958195686340332,0.0,0.24427509307861328,0.027141677008734807,0.0335793739903951,0.09802794456481934,9.918212890625e-05,0.15726900100708008,0.01747433344523112,0.030221122188375905,0.09958195686340332,0.0,0,0,0,0,280,280,40.937452418784964,40.937452418784964,50,1278,491.85,538.4467731354698,289924.92750000005,0,0,0,0,0,0,0,0,1.0,491.85,496.7,487.0,280,0,0,0,0,0,0,10,4967,10,4870,-1,-1,10,50,0.016285006205240884,0.0201077390206276,0.061618804931640625,9.918212890625e-05,0,0,0,0
192.168.2.55-239.255.255.250-58010-1900-17,192.168.2.55,58010,239.255.255.250,1900,17,2026-02-02 20:34:31,1,1,0,153,0,153,153,153.0,0,0,0,0,0,153000000.0,1000000.0,0,0,0,0,0,0,0,0,0,0,0,0,0,0,0,0,0,0,28,0,1000000.0,0.0,153,153,153.0,0,0,0,0,0,0,0,0,0,0,0.0,153.0,153.0,0,28,0,0,0,0,0,0,1,153,0,0,-1,-1,1,153,0,0,0,0,0,0,0,0
104.199.241.202-192.168.2.55-4070-9170-6,192.168.2.55,9170,104.199.241.202,4070,6,2026-02-02 20:34:31,120879,2,1,91,51,51,40,45.5,5.5,51,51,51.0,0,1174.7267634969348,24.8181710597944,0.1208791732788086,0,0.1208791732788086,0.1208791732788086,0.1208791732788086,0.1208791732788086,0,0.1208791732788086,0.1208791732788086,0,0,0,0,0,1,1,0,0,80,40,16.545447373196268,8.272723686598134,40,51,47.333333333333336,5.185449728701348,26.88888888888889,0,0,0,2,3,0,0,0,0.5,47.333333333333336,45.5,51.0,80,0,0,0,0,0,0,2,91,1,51,510,11,2,40,0.0604395866394043,0.008762598037719727,0.06920218467712402,0.05167698860168457,0,0,0,0
192.168.2.55-40.99.10.114-12770-443-6,192.168.2.55,12770,40.99.10.114,443,6,2026-02-02 20:34:32,45030,1,1,41,52,41,41,41.0,0,52,52,52.0,0,2065.2844390321384,44.41471911897072,0,0,0,0,0,0,0,0,0,0,0,0,0,0,0,0,0,0,40,52,22.20735955948536,22.20735955948536,41,52,46.5,5.5,30.25,0,0,0,0,2,0,0,0,1.0,46.5,41.0,52.0,40,0,0,0,0,0,0,1,41,1,52,511,251,1,41,0.04503011703491211,0,0.04503011703491211,0.04503011703491211,0,0,0,0
192.168.2.55-40.99.33.146-12771-443-6,192.168.2.55,12771,40.99.33.146,443,6,2026-02-02 20:34:33,53537,1,1,41,52,41,41,41.0,0,52,52,52.0,0,1737.088949651309,37.35675160540449,0,0,0,0,0,0,0,0,0,0,0,0,0,0,0,0,0,0,40,52,18.678375802702245,18.678375802702245,41,52,46.5,5.5,30.25,0,0,0,0,2,0,0,0,1.0,46.5,41.0,52.0,40,0,0,0,0,0,0,1,41,1,52,513,16388,1,41,0.053537845611572266,0,0.053537845611572266,0.053537845611572266,0,0,0,0
192.168.2.55-35.186.224.39-12799-443-6,192.168.2.55,12799,35.186.224.39,443,6,2026-02-02 20:34:40,30136225,4,4,246,240,83,40,61.5,21.5,80,40,60.0,20.0,16.126770900967234,0.26546124939863763,10.030691186587015,14.057761582674429,29.958236932754517,0.042099952697753906,30.13622522354126,10.045408407847086,14.014062833172414,29.864285945892334,0.13362717628479004,30.047921895980835,10.015973965326944,14.101309554269294,29.958236932754517,0.042099952697753906,2,2,0,0,160,160,0.13273062469931882,0.13273062469931882,40,83,60.75,20.777090749188154,431.6875,0,0,0,4,8,0,0,0,1.0,60.75,61.5,60.0,160,0,0,0,0,0,0,4,246,4,240,511,1044,4,40,0.04532321294148763,0.005813233509762055,0.053462982177734375,0.037264108657836914,29.864285945892334,0,29.864285945892334,29.864285945892334
192.168.2.55-35.186.224.39-12801-443-6,192.168.2.55,12801,35.186.224.39,443,6,2026-02-02 20:34:40,30204115,4,4,246,240,83,40,61.5,21.5,80,40,60.0,20.0,16.090522683696044,0.26486457092503773,10.038638830184937,14.020174196174633,29.93744707107544,0.04103589057922363,30.20411515235901,10.068038384119669,13.948551758296736,29.794261932373047,0.19000601768493652,30.02771782875061,10.009239276250204,14.09137126615916,29.93744707107544,0.04103589057922363,2,2,0,0,160,160,0.13243228546251887,0.13243228546251887,40,83,60.75,20.777090749188154,431.6875,0,0,0,4,8,0,0,0,1.0,60.75,61.5,60.0,160,0,0,0,0,0,0,4,246,4,240,512,1043,4,40,0.06830886999766032,0.0393425375719743,0.1395561695098877,0.03684115409851074,29.794261932373047,0,29.794261932373047,29.794261932373047
192.168.2.55-8.8.4.4-61861-443-17,192.168.2.55,61861,8.8.4.4,443,17,2026-02-02 20:34:41,126757,9,11,3489,5486,1278,59,387.6666666666667,482.2263184669851,1278,50,498.72727272727275,470.74140573607946,70804.68722374158,157.7820328105662,0.009306232134501139,0.01731604710774779,0.04743599891662598,0.0,0.08703398704528809,0.01087924838066101,0.018610789807816913,0.04743599891662598,0.00012612342834472656,0.08047819137573242,0.008047819137573242,0.016095638297748748,0.04024100303649902,0.0,0,0,0,0,252,308,71.00191476475479,86.7801180458114,50,1278,448.75,479.14025869258785,229575.3875,0,0,0,0,0,0,0,0,1.2222222222222223,448.75,387.6666666666667,498.72727272727275,252,0,0,0,0,0,0,9,3489,11,5486,-1,-1,9,50,0.01152337681163441,0.018114247112748273,0.04537796974182129,0.00012612342834472656,0,0,0,0
192.168.2.55-8.8.8.8-50356-53-17,192.168.2.55,50356,8.8.8.8,53,17,2026-02-02 20:34:41,38101,1,1,56,132,56,56,56.0,0,132,132,132.0,0,4934.135647733886,52.49080476312644,0,0,0,0,0,0,0,0,0,0,0,0,0,0,0,0,0,0,28,28,26.24540238156322,26.24540238156322,56,132,94.0,38.0,1444.0,0,0,0,0,0,0,0,0,1.0,94.0,56.0,132.0,28,0,0,0,0,0,0,1,56,1,132,-1,-1,1,56,0.038101911544799805,0,0.038101911544799805,0.038101911544799805,0,0,0,0
192.168.2.55-8.8.8.8-50402-53-17,192.168.2.55,50402,8.8.8.8,53,17,2026-02-02 20:34:41,59248,1,1,56,88,56,56,56.0,0,88,88,88.0,0,2430.423873678111,33.75588713441821,0,0,0,0,0,0,0,0,0,0,0,0,0,0,0,0,0,0,28,28,16.877943567209105,16.877943567209105,56,88,72.0,16.0,256.0,0,0,0,0,0,0,0,0,1.0,72.0,56.0,88.0,28,0,0,0,0,0,0,1,56,1,88,-1,-1,1,56,0.059248924255371094,0,0.059248924255371094,0.059248924255371094,0,0,0,0
192.168.2.55-8.8.8.8-60931-443-17,192.168.2.55,60931,8.8.8.8,443,17,2026-02-02 20:34:41,123727,9,11,3486,5495,1278,59,387.3333333333333,482.3774455755576,1278,50,499.54545454545456,470.5904151626712,72587.17951860395,161.64609624452498,0.00915617412990994,0.016260712545858067,0.042550086975097656,0.0,0.0835261344909668,0.01044076681137085,0.017105199868121767,0.042550086975097656,0.00012803077697753906,0.08128499984741211,0.008128499984741211,0.015475556327352945,0.04093790054321289,0.0,0,0,0,0,252,308,72.74074331003625,88.90535293448875,50,1278,449.05,479.1935386667896,229626.4475,0,0,0,0,0,0,0,0,1.2222222222222223,449.05,387.3333333333333,499.54545454545456,252,0,0,0,0,0,0,9,3486,11,5495,-1,-1,9,50,0.009517467938936673,0.01644569784627697,0.0415949821472168,0.00011301040649414062,0,0,0,0
192.168.2.55-35.186.224.24-50312-443-17,192.168.2.55,50312,35.186.224.24,443,17,2026-02-02 20:34:41,357736,9,10,4380,4272,1278,59,486.6666666666667,498.21325197594297,1278,52,427.2,461.7754432621986,24185.37699380922,53.111669311416456,0.03584498517653521,0.03144092970067548,0.10401487350463867,0.0,0.29065990447998047,0.03633248805999756,0.030108035285170753,0.08028197288513184,0.00010800361633300781,0.31870484352111816,0.03541164928012424,0.032573853565875784,0.10401487350463867,0.0,0,0,0,0,252,280,25.158159147513057,27.9535101639034,52,1278,455.36842105263156,480.29949105535525,230687.60110803327,0,0,0,0,0,0,0,0,1.1111111111111112,455.36842105263156,486.6666666666667,427.2,252,0,0,0,0,0,0,9,4380,10,4272,-1,-1,9,52,0.022358551621437073,0.021052468826843397,0.0670769214630127,0.00010800361633300781,0,0,0,0
192.168.2.55-35.186.224.22-61112-443-17,192.168.2.55,61112,35.186.224.22,443,17,2026-02-02 20:34:41,228617,23,23,6024,5072,1278,59,261.9130434782609,365.98121988447514,1278,51,220.52173913043478,347.257061726201,48535.13080604405,201.209085893838,0.009201656688343395,0.016750919820698262,0.06069588661193848,0.0,0.22861790657043457,0.010391723025928844,0.016578507058004125,0.0528261661529541,9.584426879882812e-05,0.1762549877166748,0.008011590350757946,0.016837672571674598,0.06069588661193848,0.0,0,0,0,0,644,644,100.604542946919,100.604542946919,51,1278,241.2173913043478,357.34181134080177,127693.17013232515,0,0,0,0,0,0,0,0,1.0,241.2173913043478,261.9130434782609,220.52173913043478,644,0,0,0,0,0,0,23,6024,23,5072,-1,-1,23,51,0.00714430958032608,0.013873696836269546,0.05194902420043945,9.584426879882812e-05,0,0,0,0
192.168.2.55-35.186.224.35-9178-443-6,192.168.2.55,9178,35.186.224.35,443,6,2026-02-02 20:34:42,30774050,4,4,246,240,83,40,61.5,21.5,80,40,60.0,20.0,15.79252600750451,0.2599592758436956,10.243070125579834,14.344964994313019,30.590115070343018,0.04016280174255371,30.77405095100403,10.258016983668009,14.291613174604702,30.469408988952637,0.14635396003723145,30.684369802474976,10.22812326749166,14.398103605213562,30.590115070343018,0.04016280174255371,2,2,0,0,160,160,0.1299796379218478,0.1299796379218478,40,83,60.75,20.777090749188154,431.6875,0,0,0,4,8,0,0,0,1.0,60.75,61.5,60.0,160,0,0,0,0,0,0,4,246,4,240,510,1044,4,40,0.0507736603418986,0.008923928416486896,0.06583404541015625,0.04016280174255371,30.469408988952637,0,30.469408988952637,30.469408988952637
192.168.2.55-35.186.224.24-12298-443-6,192.168.2.55,12298,35.186.224.24,443,6,2026-02-02 20:34:45,48037,1,1,41,52,41,41,41.0,0,52,52,52.0,0,1936.0055588092237,41.63452814643492,0,0,0,0,0,0,0,0,0,0,0,0,0,0,0,0,0,0,40,52,20.81726407321746,20.81726407321746,41,52,46.5,5.5,30.25,0,0,0,0,2,0,0,0,1.0,46.5,41.0,52.0,40,0,0,0,0,0,0,1,41,1,52,512,854,1,41,0.048037052154541016,0,0.048037052154541016,0.048037052154541016,0,0,0,0
192.168.2.55-35.190.80.1-12941-443-6,192.168.2.55,12941,35.190.80.1,443,6,2026-02-02 20:34:45,24382123,3,3,121,205,41,40,40.333333333333336,0.4714045207910317,113,40,68.33333333333333,31.961782734314987,13.37045126612901,0.2460819251434787,12.178916990756989,12.129100832003175,24.332503080368042,0.049620866775512695,24.382123947143555,12.191061973571777,12.141441106796265,24.332503080368042,0.049620866775512695,24.3335440158844,12.1667720079422,12.116735816001892,24.283507823944092,0.05003619194030762,0,1,0,0,120,132,0.12304096257173935,0.12304096257173935,40,113,54.333333333333336,26.587382136812355,706.8888888888888,2,0,0,1,6,0,0,0,1.0,54.333333333333336,40.333333333333336,68.33333333333333,120,0,0,0,0,0,0,3,121,3,205,509,1044,3,40,0.024654030799865723,0.024404762428810976,0.0495760440826416,4.482269287109375e-05,24.283507823944092,0,24.283507823944092,24.283507823944092
142.250.199.196-192.168.2.55-443-60690-17,192.168.2.55,60690,142.250.199.196,443,17,2026-02-02 20:34:45,213886,7,8,2949,4223,1278,59,421.2857142857143,542.1883474233218,1278,52,527.875,518.3904024719208,33531.728420355656,70.13049725395075,0.023316071583674505,0.03375436470945236,0.1033029556274414,0.0,0.21388697624206543,0.035647829373677574,0.040554589723321224,0.1033029556274414,9.489059448242188e-05,0.08922195434570312,0.012745993477957589,0.021544223405979984,0.06372308731079102,0.0,0,0,0,0,196,224,32.727565385177016,37.402931868773734,52,1278,478.1333333333333,532.292008414763,283334.7822222222,0,0,0,0,0,0,0,0,1.1428571428571428,478.1333333333333,421.2857142857143,527.875,196,0,0,0,0,0,0,7,2949,8,4223,-1,-1,7,52,0.021388697624206542,0.02653600618524809,0.08906006813049316,9.489059448242188e-05,0,0,0,0
192.168.2.55-64.233.188.188-9407-5228-6,192.168.2.55,9407,64.233.188.188,5228,6,2026-02-02 20:34:48,12135133,3,3,147,158,66,40,49.0,12.027745701779143,66,40,52.666666666666664,10.624918300339484,25.133632678454727,0.4944321182646832,6.035522997379303,5.9642371057938,11.999780893325806,0.0075609683990478516,12.135133981704712,6.067566990852356,5.93221390247345,11.999780893325806,0.13535308837890625,12.0069580078125,6.00347900390625,5.995918035507202,11.999397039413452,0.0075609683990478516,1,1,0,0,120,132,0.2472160591323416,0.2472160591323416,40,66,50.833333333333336,11.495168067013587,132.13888888888889,0,0,0,2,6,0,0,0,1.0,50.833333333333336,49.0,52.666666666666664,120,0,0,0,0,0,0,3,147,3,158,510,1047,3,40,0.054302990436553955,0.030603255165529857,0.08185887336730957,0.0075609683990478516,11.917922019958496,0,11.917922019958496,11.917922019958496
192.168.2.55-35.186.224.22-13000-443-6,192.168.2.55,13000,35.186.224.22,443,6,2026-02-02 20:34:53,41520,1,1,41,52,41,41,41.0,0,52,52,52.0,0,2239.877988837081,48.16941911477594,0,0,0,0,0,0,0,0,0,0,0,0,0,0,0,0,0,0,40,52,24.08470955738797,24.08470955738797,41,52,46.5,5.5,30.25,0,0,0,0,2,0,0,0,1.0,46.5,41.0,52.0,40,0,0,0,0,0,0,1,41,1,52,510,1046,1,41,0.041520118713378906,0,0.041520118713378906,0.041520118713378906,0,0,0,0
192.168.2.55-199.232.210.248-13005-443-6,192.168.2.55,13005,199.232.210.248,443,6,2026-02-02 20:34:54,42361,1,1,41,52,41,41,41.0,0,52,52,52.0,0,2195.365079722421,47.21215225209507,0,0,0,0,0,0,0,0,0,0,0,0,0,0,0,0,0,0,40,52,23.606076126047537,23.606076126047537,41,52,46.5,5.5,30.25,0,0,0,0,2,0,0,0,1.0,46.5,41.0,52.0,40,0,0,0,0,0,0,1,41,1,52,513,297,1,41,0.04236197471618652,0,0.04236197471618652,0.04236197471618652,0,0,0,0
192.168.2.55-199.232.210.248-13004-443-6,192.168.2.55,13004,199.232.210.248,443,6,2026-02-02 20:34:54,40484,1,1,41,52,41,41,41.0,0,52,52,52.0,0,2297.1524681106675,49.40112834646597,0,0,0,0,0,0,0,0,0,0,0,0,0,0,0,0,0,0,40,52,24.700564173232983,24.700564173232983,41,52,46.5,5.5,30.25,0,0,0,0,2,0,0,0,1.0,46.5,41.0,52.0,40,0,0,0,0,0,0,1,41,1,52,513,293,1,41,0.04048490524291992,0,0.04048490524291992,0.04048490524291992,0,0,0,0
192.168.2.55-34.54.84.110-13031-443-6,192.168.2.55,13031,34.54.84.110,443,6,2026-02-02 20:34:54,408512,14,15,2698,5402,1438,40,192.71428571428572,356.4831049034899,1438,40,360.1333333333333,545.765378976066,19828.01858497619,70.98920234127279,0.028092366677743418,0.04412614349612237,0.16968202590942383,0.0,0.38878393173217773,0.029906456287090596,0.04420949119308062,0.16503691673278809,0.0,0.36970996856689453,0.026407854897635325,0.043981660164829926,0.16968202590942383,0.0,7,5,0,0,572,612,34.27064940613169,36.7185529351411,40,1438,279.3103448275862,471.6073105987925,222413.45541022593,2,2,0,12,28,0,0,0,1.0714285714285714,279.3103448275862,192.71428571428572,360.1333333333333,572,0,0,0,0,0,0,14,2698,15,5402,64240,65535,14,40,0.01945299193972633,0.03680947598593028,0.16479992866516113,6.508827209472656e-05,0,0,0,0
192.168.2.55-34.54.84.110-13032-443-6,192.168.2.55,13032,34.54.84.110,443,6,2026-02-02 20:34:55,422672,19,27,3855,20719,1438,40,202.89473684210526,345.4053141237563,1438,40,767.3703703703703,658.9974511358648,58139.640343747094,108.8314257268807,0.01729209314693104,0.035508764804477885,0.17001795768737793,0.0,0.37491798400878906,0.02082877688937717,0.036459540856602746,0.12915802001953125,0.0,0.38593411445617676,0.014843619786776029,0.03462435866556136,0.17001795768737793,0.0,9,14,0,0,772,1092,44.952110626320284,63.87931510056041,40,1438,534.2173913043479,617.5994168533052,381429.0396975426,0,2,0,23,45,0,0,0,1.4210526315789473,534.2173913043479,202.89473684210526,767.3703703703703,772,0,0,0,0,0,0,19,3855,27,20719,64240,65535,19,40,0.014089067776997885,0.025640867426341356,0.11910796165466309,2.384185791015625e-05,0,0,0,0
192.168.2.55-199.232.210.248-13003-443-6,192.168.2.55,13003,199.232.210.248,443,6,2026-02-02 20:34:55,41356,1,1,41,52,41,41,41.0,0,52,52,52.0,0,2248.7620892424766,48.36047503747262,0,0,0,0,0,0,0,0,0,0,0,0,0,0,0,0,0,0,40,52,24.18023751873631,24.18023751873631,41,52,46.5,5.5,30.25,0,0,0,0,2,0,0,0,1.0,46.5,41.0,52.0,40,0,0,0,0,0,0,1,41,1,52,513,321,1,41,0.04135608673095703,0,0.04135608673095703,0.04135608673095703,0,0,0,0
192.168.2.55-199.232.214.248-12964-443-6,192.168.2.55,12964,199.232.214.248,443,6,2026-02-02 20:34:56,40400,1,1,41,52,41,41,41.0,0,52,52,52.0,0,2301.9242508291336,49.503747329658786,0,0,0,0,0,0,0,0,0,0,0,0,0,0,0,0,0,0,40,52,24.751873664829393,24.751873664829393,41,52,46.5,5.5,30.25,0,0,0,0,2,0,0,0,1.0,46.5,41.0,52.0,40,0,0,0,0,0,0,1,41,1,52,1026,302,1,41,0.04040098190307617,0,0.04040098190307617,0.04040098190307617,0,0,0,0
192.168.2.55-4.213.25.241-8244-443-6,192.168.2.55,8244,4.213.25.241,443,6,2026-02-02 20:34:58,93010,1,1,41,52,41,41,41.0,0,52,52,52.0,0,999.8904727604565,21.50302091957971,0,0,0,0,0,0,0,0,0,0,0,0,0,0,0,0,0,0,40,52,10.751510459789856,10.751510459789856,41,52,46.5,5.5,30.25,0,0,0,0,2,0,0,0,1.0,46.5,41.0,52.0,40,0,0,0,0,0,0,1,41,1,52,510,7540,1,41,0.09301018714904785,0,0.09301018714904785,0.09301018714904785,0,0,0,0
118.69.17.161-192.168.2.55-443-13008-6,192.168.2.55,13008,118.69.17.161,443,6,2026-02-02 20:35:00,15386,1,1,41,52,41,41,41.0,0,52,52,52.0,0,6044.41491306908,129.98741748535656,0,0,0,0,0,0,0,0,0,0,0,0,0,0,0,0,0,0,40,52,64.99370874267828,64.99370874267828,41,52,46.5,5.5,30.25,0,0,0,0,2,0,0,0,1.0,46.5,41.0,52.0,40,0,0,0,0,0,0,1,41,1,52,16553,497,1,41,0.015386104583740234,0,0.015386104583740234,0.015386104583740234,0,0,0,0
192.168.2.55-199.232.113.155-13018-443-6,192.168.2.55,13018,199.232.113.155,443,6,2026-02-02 20:35:01,41369,1,1,41,52,41,41,41.0,0,52,52,52.0,0,2248.049286805175,48.34514595279947,0,0,0,0,0,0,0,0,0,0,0,0,0,0,0,0,0,0,40,52,24.172572976399735,24.172572976399735,41,52,46.5,5.5,30.25,0,0,0,0,2,0,0,0,1.0,46.5,41.0,52.0,40,0,0,0,0,0,0,1,41,1,52,16481,298,1,41,0.04136919975280762,0,0.04136919975280762,0.04136919975280762,0,0,0,0
192.168.2.55-8.8.8.8-64596-53-17,192.168.2.55,64596,8.8.8.8,53,17,2026-02-02 20:35:07,41119,1,1,65,129,65,65,65.0,0,129,129,129.0,0,4718.002249718786,48.639198450709124,0,0,0,0,0,0,0,0,0,0,0,0,0,0,0,0,0,0,28,28,24.319599225354562,24.319599225354562,65,129,97.0,32.0,1024.0,0,0,0,0,0,0,0,0,1.0,97.0,65.0,129.0,28,0,0,0,0,0,0,1,65,1,129,-1,-1,1,65,0.04111909866333008,0,0.04111909866333008,0.04111909866333008,0,0,0,0
1.1.1.1-192.168.2.55-53-64596-17,192.168.2.55,64596,1.1.1.1,53,17,2026-02-02 20:35:07,46442,1,1,65,129,65,65,65.0,0,129,129,129.0,0,4177.250482566019,43.064437964598135,0,0,0,0,0,0,0,0,0,0,0,0,0,0,0,0,0,0,28,28,21.532218982299067,21.532218982299067,65,129,97.0,32.0,1024.0,0,0,0,0,0,0,0,0,1.0,97.0,65.0,129.0,28,0,0,0,0,0,0,1,65,1,129,-1,-1,1,65,0.04644203186035156,0,0.04644203186035156,0.04644203186035156,0,0,0,0
192.168.2.55-216.239.38.223-13033-443-6,192.168.2.55,13033,216.239.38.223,443,6,2026-02-02 20:35:07,5187288,14,12,5651,2004,1438,40,403.64285714285717,562.6236508084063,1258,40,167.0,334.08905998251424,1475.722946612785,5.012252986535913,0.4307607114315033,0.4885276510050123,1.0524461269378662,0.0,5.187288045883179,0.3990221573756291,0.47919077826547957,1.0524461269378662,0.0,5.1509690284729,0.46826991167935456,0.496729416623724,1.0498838424682617,0.0,2,3,0,0,572,540,2.6989054542885684,2.3133475322473442,40,1438,294.4230769230769,485.6742476723169,235879.474852071,2,2,0,5,25,0,0,0,0.8571428571428571,294.4230769230769,403.64285714285717,167.0,572,0,0,0,0,0,0,14,5651,12,2004,64240,65535,14,40,0.07256181538105011,0.19596975640574749,0.8285298347473145,6.699562072753906e-05,1.0065747499465942,0.004501516471217419,1.0137059688568115,1.0013558864593506
192.168.2.55-8.8.8.8-64882-53-17,192.168.2.55,64882,8.8.8.8,53,17,2026-02-02 20:35:10,41790,1,1,79,287,79,79,79.0,0,287,287,287.0,0,8758.07430397079,47.85832952989502,0,0,0,0,0,0,0,0,0,0,0,0,0,0,0,0,0,0,28,28,23.92916476494751,23.92916476494751,79,287,183.0,104.0,10816.0,0,0,0,0,0,0,0,0,1.0,183.0,79.0,287.0,28,0,0,0,0,0,0,1,79,1,287,-1,-1,1,79,0.041790008544921875,0,0.041790008544921875,0.041790008544921875,0,0,0,0
1.1.1.1-192.168.2.55-53-64882-17,192.168.2.55,64882,1.1.1.1,53,17,2026-02-02 20:35:10,40068,1,1,79,239,79,79,79.0,0,239,239,239.0,0,7936.3366396725,49.914066916179245,0,0,0,0,0,0,0,0,0,0,0,0,0,0,0,0,0,0,28,28,24.957033458089622,24.957033458089622,79,239,159.0,80.0,6400.0,0,0,0,0,0,0,0,0,1.0,159.0,79.0,239.0,28,0,0,0,0,0,0,1,79,1,239,-1,-1,1,79,0.040068864822387695,0,0.040068864822387695,0.040068864822387695,0,0,0,0
142.250.198.170-192.168.2.55-443-13034-6,192.168.2.55,13034,142.250.198.170,443,6,2026-02-02 20:35:10,5234147,12,12,1764,2755,728,40,147.0,236.73191588799344,1438,40,229.58333333333334,397.7596548866608,863.3688202581016,4.585273663685426,0.4740440845489502,0.49824644006449853,1.1978280544281006,0.0,5.234147787094116,0.47583161700855603,0.4833597022879332,1.1978280544281006,0.0003590583801269531,5.194822072982788,0.47225655208934436,0.5126948778107931,1.1960680484771729,0.0,2,3,0,0,492,540,2.292636831842713,2.292636831842713,40,1438,188.29166666666666,329.8975193357611,108832.37326388888,2,2,0,5,23,0,0,0,1.0,188.29166666666666,147.0,229.58333333333334,492,0,0,0,0,0,0,12,1764,12,2755,64240,65535,12,40,0.10385415428563168,0.22207164222484463,0.8965799808502197,5.3882598876953125e-05,1.086972951889038,0.04179542643049077,1.1454319953918457,1.0501809120178223
192.168.2.55-35.215.189.119-64883-50004-17,192.168.2.55,64883,35.215.189.119,50004,17,2026-02-02 20:35:10,6284167,7,150,430,24169,102,36,61.42857142857143,23.095189003384252,331,36,161.12666666666667,81.25698301616231,3914.44081596324,24.98342241986376,0.07960885724713726,0.2511610798735023,1.7523689270019531,0.0,6.101626873016357,1.0169378121693928,0.5489865674273238,1.7523689270019531,0.04656100273132324,6.237746000289917,0.04186406711603971,0.12915798589812916,0.8934650421142578,0.0,0,0,0,0,196,4200,1.1139105537518874,23.869511866111875,36,331,156.6815286624204,82.19187107949631,6755.503671548541,0,0,0,0,0,0,0,0,21.428571428571427,156.6815286624204,61.42857142857143,161.12666666666667,196,0,0,0,0,0,0,7,430,150,24169,-1,-1,7,36,0.043945224135072083,0.11072851571262464,0.7126288414001465,8.20159912109375e-05,0,0,0,0
104.26.7.21-192.168.2.55-443-63457-17,192.168.2.55,63457,104.26.7.21,443,17,2026-02-02 20:35:11,1230412,14,13,7772,6016,1278,71,555.1428571428571,547.0866811892736,1228,51,462.7692307692308,484.10490818641523,11205.993798546948,21.943852085927446,0.09680124282836915,0.18486737944740902,0.7198538780212402,0.0,1.2304129600524902,0.09464715077326848,0.17318423487245707,0.6452591419219971,4.9114227294921875e-05,1.1896181106567383,0.0991348425547282,0.19671614494184897,0.7198538780212402,0.0,0,0,0,0,392,364,11.3782936741846,10.565558411742844,51,1278,510.6666666666667,519.7727423631444,270163.70370370365,0,0,0,0,0,0,0,0,0.9285714285714286,510.6666666666667,555.1428571428571,462.7692307692308,392,0,0,0,0,0,0,14,7772,13,6016,-1,-1,14,51,0.05592786182056774,0.1365319553351981,0.6452591419219971,4.9114227294921875e-05,0,0,0,0
192.168.2.55-35.215.189.119-62822-50004-17,35.215.189.119,50004,192.168.2.55,62822,17,2026-02-02 20:34:17,53657540,1664,40,355469,2360,371,36,213.6231971153846,93.93881225282104,88,36,59.0,18.627936010197157,6668.755210301292,31.756953400516455,0.06215117330696832,0.284929054964533,4.86852502822876,0.0,53.65754008293152,0.03226550816772791,0.10943567317245614,1.1484270095825195,0.0,52.123756885528564,1.3365065868084247,1.170570389914266,4.86852502822876,0.011717081069946289,0,0,0,0,46592,1120,31.01148501083297,0.7454683896834848,36,371,209.99354460093898,95.7786624900075,9173.552188374772,0,0,0,0,0,0,0,0,0.02403846153846154,209.99354460093898,213.6231971153846,59.0,46592,0,0,0,0,0,0,1664,355469,40,2360,-1,-1,1664,36,0.03346661126408477,0.10201260325357335,0.8999319076538086,3.504753112792969e-05,1.1484270095825195,0,1.1484270095825195,1.1484270095825195
162.159.136.234-192.168.2.55-443-12797-6,162.159.136.234,443,192.168.2.55,12797,6,2026-02-02 20:34:17,90040767,418,300,116020,18354,1438,40,277.5598086124402,232.29763022179526,1438,40,61.18,161.06464830413077,1492.3684362305103,7.974165666077562,0.2512065838169119,0.2605359082096658,1.682499885559082,0.0,89.8231999874115,0.21540335728396043,0.25050421495992803,1.682499885559082,0.0,90.04071402549744,0.3011395117909613,0.26598440893287617,1.678717851638794,0.0,406,8,0,0,16756,12012,4.642341571616185,3.331824094461377,40,1438,187.15041782729804,231.6104985896116,53643.42305692848,0,0,0,414,718,0,0,0,0.7177033492822966,187.15041782729804,277.5598086124402,61.18,16756,0,0,0,0,0,0,418,116020,300,18354,16,8681,418,40,0.12187361151245299,0.16010189556509072,0.9725050926208496,1.0013580322265625e-05,1.3163256247838337,0.1870885866988656,1.6335928440093994,1.0431549549102783
192.168.2.55-64.233.189.188-8590-5228-6,192.168.2.55,8590,64.233.189.188,5228,6,2026-02-02 20:34:17,45172426,2,2,82,104,41,41,41.0,0.0,52,52,52.0,0.0,4.117556118829587,0.08854959395332444,45.098446011543274,0.0009649991989135742,45.09941101074219,45.09748101234436,45.09941101074219,45.09941101074219,0,45.09941101074219,45.09941101074219,45.09748101234436,45.09748101234436,0,45.09748101234436,45.09748101234436,0,0,0,0,80,104,0.04427479697666222,0.04427479697666222,41,52,46.5,5.5,30.25,0,0,0,0,4,0,0,0,1.0,46.5,41.0,52.0,80,0,0,0,0,0,0,2,82,2,104,509,1047,2,41,0.07398021221160889,0.0009649991989135742,0.07494521141052246,0.07301521301269531,45.024465799331665,0,45.024465799331665,45.024465799331665
172.253.144.95-192.168.2.55-443-13019-6,192.168.2.55,13019,172.253.144.95,443,6,2026-02-02 20:34:18,45155749,2,2,82,104,41,41,41.0,0.0,52,52,52.0,0.0,4.119076834710618,0.08858229752065845,45.113829016685486,0.0006669759750366211,45.11449599266052,45.11316204071045,45.11449599266052,45.11449599266052,0,45.11449599266052,45.11449599266052,45.11316204071045,45.11316204071045,0,45.11316204071045,45.11316204071045,0,0,0,0,80,104,0.044291148760329226,0.044291148760329226,41,52,46.5,5.5,30.25,0,0,0,0,4,0,0,0,1.0,46.5,41.0,52.0,80,0,0,0,0,0,0,2,82,2,104,8235,1043,2,41,0.04192006587982178,0.0006669759750366211,0.0425870418548584,0.041253089904785156,45.071908950805664,0,45.071908950805664,45.071908950805664
162.159.138.232-192.168.2.55-443-54546-17,192.168.2.55,54546,162.159.138.232,443,17,2026-02-02 20:34:20,86581560,88,95,50779,36383,1278,73,577.0340909090909,529.8948962865534,1228,50,382.9789473684211,464.7177746580202,1006.7039580270584,2.1136140097628746,0.9563732423835037,2.013971129266252,9.192514181137085,0.0,86.58156085014343,0.9951903545993498,2.0330844999413342,9.136238098144531,5.0067901611328125e-05,86.52199602127075,0.9204467661837314,1.9954452840949537,9.192514181137085,0.0,0,0,0,0,2464,2660,1.0163826932193059,1.097231316543569,50,1278,476.2950819672131,506.49416497738736,256536.3391561409,0,0,0,0,0,0,0,0,1.0795454545454546,476.2950819672131,577.0340909090909,382.9789473684211,2464,0,0,0,0,0,0,88,50779,95,36383,-1,-1,88,50,0.07235486166817802,0.14115441358958397,0.9451560974121094,5.0067901611328125e-05,4.467376246171839,2.4477724305830417,9.136238098144531,1.0048980712890625
162.159.128.235-192.168.2.55-443-12826-6,192.168.2.55,12826,162.159.128.235,443,6,2026-02-02 20:34:20,82680093,14,14,1071,952,113,40,76.5,36.5,96,40,68.0,28.0,24.467800233080716,0.3386546745063075,6.356596891696636,6.737693073409448,14.652658939361572,0.07364106178283691,82.68009305000305,6.360007157692542,6.6900162535471255,14.541742086410522,0.16808390617370605,82.5914261341095,6.35318662570073,6.785033173860407,14.652658939361572,0.07364106178283691,7,7,0,0,560,560,0.16932733725315374,0.16932733725315374,40,113,72.25,32.80529682840867,1076.1875,0,0,0,14,28,0,0,0,1.0,72.25,76.5,68.0,560,0,0,0,0,0,0,14,1071,14,952,510,18,14,40,0.05881798835027786,0.017272120823517097,0.09707903861999512,0.03832507133483887,13.57415254910787,0.5647759437706751,14.541742086410522,12.605822086334229
142.250.197.234-192.168.2.55-443-13012-6,192.168.2.55,13012,142.250.197.234,443,6,2026-02-02 20:34:22,75709763,6,6,246,312,41,41,41.0,0.0,52,52,52.0,0.0,7.370251570209018,0.15850003376793587,15.132793998718261,0.05650324862185812,15.205157995223999,15.062921047210693,75.66624689102173,15.133249378204345,0.05787332057036975,15.205157995223999,15.062921047210693,75.66169309616089,15.132338619232177,0.05509535583743468,15.198881149291992,15.06355595588684,0,0,0,0,240,312,0.07925001688396793,0.07925001688396793,41,52,46.5,5.5,30.25,0,0,0,0,12,0,0,0,1.0,46.5,41.0,52.0,240,0,0,0,0,0,0,6,246,6,312,509,1047,6,41,0.045981129010518394,0.0022844818770443457,0.04870486259460449,0.042428016662597656,15.086775255203246,0.057339443731839856,15.156453132629395,15.014851093292236
142.250.197.74-192.168.2.55-443-13011-6,192.168.2.55,13011,142.250.197.74,443,6,2026-02-02 20:34:23,75287945,6,6,246,312,41,41,41.0,0.0,52,52,52.0,0.0,7.411545098779666,0.1593880666404229,15.049536418914794,0.005819710562078673,15.059150218963623,15.041865110397339,75.24714422225952,15.049428844451905,0.0067591985748858925,15.059150218963623,15.041865110397339,75.24821996688843,15.049643993377686,0.004693415829421919,15.056526899337769,15.043764114379883,0,0,0,0,240,312,0.07969403332021145,0.07969403332021145,41,52,46.5,5.5,30.25,0,0,0,0,12,0,0,0,1.0,46.5,41.0,52.0,240,0,0,0,0,0,0,6,246,6,312,511,1047,6,41,0.04050870736440023,0.0016753834173185856,0.043424129486083984,0.03847908973693848,15.00897855758667,0.005134361865568904,15.015726089477539,15.002140045166016
192.168.2.55-34.54.84.110-13023-443-6,192.168.2.55,13023,34.54.84.110,443,6,2026-02-02 20:34:23,19670692,28,47,3811,31852,716,40,136.10714285714286,185.3722778021326,1438,40,677.7021276595744,666.9974613143054,1813.0017149776354,3.8127787517405336,0.5381826146008217,2.850933646470823,17.501588821411133,0.0,19.670692920684814,0.7285441822475858,3.293438548579637,17.496052026748657,3.600120544433594e-05,19.61663794517517,0.4264486509820689,2.549153495137106,17.501588821411133,0.0,16,22,0,0,1120,1880,1.4234374006497992,2.3893413510907346,40,1438,475.50666666666666,600.2073280310915,360248.8366222222,2,0,0,38,75,0,0,0,1.6785714285714286,475.50666666666666,136.10714285714286,677.7021276595744,1120,0,0,0,0,0,0,28,3811,47,31852,510,1044,28,40,0.04267826905617347,0.12460199914476856,0.8385629653930664,1.8835067749023438e-05,17.451422929763794,0,17.451422929763794,17.451422929763794
192.168.2.55-49.213.95.30-9858-443-6,49.213.95.30,443,192.168.2.55,9858,6,2026-02-02 20:34:23,72943783,8,10,2972,775,1438,40,371.5,477.6834726050295,225,40,77.5,56.74195978286263,51.368324956621365,0.2467653720894541,9.11204281449318,12.24408230689944,30.849699020385742,0.0,72.89281415939331,10.413259165627617,12.580444370591682,30.849699020385742,0.0,72.89987087249756,8.09998565249973,11.877791019095193,30.781804084777832,0.05209803581237793,6,4,0,0,320,400,0.10967349870642405,0.13709187338303006,40,1438,208.16666666666666,352.90921873290114,124544.91666666667,0,0,0,10,18,0,0,0,1.25,208.16666666666666,371.5,77.5,320,0,0,0,0,0,0,8,2972,10,775,144,513,8,40,0.10162260315634987,0.22878109304909205,0.8227989673614502,5.888938903808594e-05,17.956483840942383,11.935145949393444,30.781804084777832,1.396017074584961
192.168.2.55-8.8.4.4-63175-443-17,192.168.2.55,63175,8.8.4.4,443,17,2026-02-02 20:34:23,112043,11,11,3548,3983,1278,61,322.54545454545456,456.25697775712547,1278,51,362.09090909090907,408.1328782161415,67214.75110757406,196.35168295931874,0.008011794090270996,0.015169460352431604,0.04362201690673828,0.0,0.11204385757446289,0.011204385757446289,0.017194262270738843,0.04362201690673828,0.0001571178436279297,0.04819202423095703,0.004819202423095703,0.012008210383999822,0.04049205780029297,0.0,0,0,0,0,308,308,98.17584147965937,98.17584147965937,51,1278,342.3181818181818,433.3155879498574,187762.3987603306,0,0,0,0,0,0,0,0,1.0,342.3181818181818,322.54545454545456,362.09090909090907,308,0,0,0,0,0,0,11,3548,11,3983,-1,-1,11,51,0.007469590504964193,0.012376245587620722,0.04239988327026367,0.00010418891906738281,0,0,0,0
192.168.2.55-49.213.95.137-13026-443-6,192.168.2.55,13026,49.213.95.137,443,6,2026-02-02 20:34:23,32287090,16,16,3063,4482,593,40,191.4375,216.82711106720487,1438,40,280.125,414.572049678943,233.68472718078027,0.9911081868502277,2.1517099301020304,7.464511466798122,30.00789499282837,0.0,32.27780890464783,2.151853926976522,7.4644228553480785,30.007892847061157,6.29425048828125e-05,32.273488998413086,2.151565933227539,7.464600074418478,30.00789499282837,0.0,8,8,0,0,652,652,0.49555409342511386,0.49555409342511386,40,1438,235.78125,333.7789064612045,111408.3583984375,2,2,0,16,31,0,0,0,1.0,235.78125,191.4375,280.125,652,0,0,0,0,0,0,16,3063,16,4482,64240,42340,16,40,0.004892804405905984,0.008821295145616626,0.039823055267333984,6.29425048828125e-05,16.08972454071045,13.91807246208191,30.00779700279236,2.17165207862854
142.250.197.74-192.168.2.55-443-13009-6,192.168.2.55,13009,142.250.197.74,443,6,2026-02-02 20:34:25,75751221,6,6,246,312,41,41,41.0,0.0,52,52,52.0,0.0,7.366217811929791,0.15841328627806,15.140754199028015,0.05014865350335315,15.202316045761108,15.087700843811035,75.70394802093506,15.140789604187011,0.04986309491624896,15.201974153518677,15.08781385421753,75.70359396934509,15.140718793869018,0.05043257037591212,15.202316045761108,15.087700843811035,0,0,0,0,240,312,0.07920664313903,0.07920664313903,41,52,46.5,5.5,30.25,0,0,0,0,12,0,0,0,1.0,46.5,41.0,52.0,240,0,0,0,0,0,0,6,246,6,312,513,1044,6,41,0.04583259423573812,0.0012403389255882843,0.047627925872802734,0.044548988342285156,15.095245265960694,0.050411475860034756,15.157425165176392,15.04315185546875
192.168.2.55-35.186.224.35-9171-443-6,192.168.2.55,9171,35.186.224.35,443,6,2026-02-02 20:34:25,80829775,7,7,385,1574,75,40,55.0,17.320508075688775,460,40,224.85714285714286,175.30905654335845,24.23611840683596,0.17320350061036419,13.463476836681366,12.545991769716645,30.015124082565308,0.13112998008728027,80.82977509498596,13.47162918249766,12.541319649644542,30.015124082565308,0.1367640495300293,80.73194694519043,13.455324490865072,12.550656855143105,30.012394905090332,0.13112998008728027,3,4,0,0,280,280,0.08660175030518209,0.08660175030518209,40,460,139.92857142857142,150.76304221512373,22729.494897959183,0,0,0,7,14,0,0,0,1.0,139.92857142857142,55.0,224.85714285714286,280,0,0,0,0,0,0,7,385,7,1574,511,1050,7,40,0.05086332559585571,0.014312983716760153,0.08634591102600098,0.03818702697753906,16.084573698043823,12.094634109438465,29.974207878112793,2.470460891723633
192.168.2.55-8.8.4.4-62571-443-17,192.168.2.55,62571,8.8.4.4,443,17,2026-02-02 20:34:26,160070,16,17,4253,5305,1278,61,265.8125,390.1801216665836,1278,50,312.05882352941177,362.7787318800515,59711.04198181076,206.15865091020666,0.008680320555163969,0.014854993203916185,0.04454493522644043,0.0,0.1503438949584961,0.010022926330566406,0.014618991986424372,0.04198098182678223,0.00011205673217773438,0.11874604225158691,0.007421627640724182,0.014963881171810932,0.04454493522644043,0.0,0,0,0,0,448,476,99.9557095322214,106.20294137798524,50,1278,289.6363636363636,377.02261150596377,142146.04958677688,0,0,0,0,0,0,0,0,1.0625,289.6363636363636,265.8125,312.05882352941177,448,0,0,0,0,0,0,16,4253,17,5305,-1,-1,16,50,0.006959604180377462,0.012139675597385527,0.04067087173461914,8.106231689453125e-05,0,0,0,0
14.238.122.124-192.168.2.55-443-13027-6,192.168.2.55,13027,14.238.122.124,443,6,2026-02-02 20:34:26,10056699,13,15,1560,5321,557,40,120.0,149.9748696897635,1438,40,354.73333333333335,472.86227264277375,684.2204705324029,2.784213511830734,0.7727173475118784,2.656819194990423,9.999722003936768,0.0,10.042654037475586,0.8368878364562988,2.7627019809303524,9.999722003936768,8.487701416015625e-05,10.047996997833252,0.7177140712738037,2.5613034909145855,9.952506065368652,0.0,5,7,0,0,532,612,1.2926705590642693,1.4915429527664648,40,1438,245.75,379.3845227093859,143932.61607142858,2,2,0,12,27,0,0,0,1.1538461538461537,245.75,120.0,354.73333333333335,532,0,0,0,0,0,0,13,1560,15,5321,64240,29200,13,40,0.005209696292877197,0.01064920876712687,0.04710197448730469,2.8848648071289062e-05,9.952506065368652,0,9.952506065368652,9.952506065368652
14.238.143.151-192.168.2.55-443-13028-6,192.168.2.55,13028,14.238.143.151,443,6,2026-02-02 20:34:26,45333167,40,115,2630,154259,557,40,65.75,92.54154472451819,1438,40,1341.3826086956522,338.03723959013223,3460.7994569758525,3.4191301865092973,0.5922177320991466,5.11338469370059,45.03652215003967,0.0,45.30561304092407,1.1616823856647198,7.112969020478867,45.008893966674805,0.00011301040649414062,45.30369997024536,0.39740087693197684,4.199303136526552,45.03652215003967,0.0,5,58,0,0,1612,4624,0.8823561771636896,2.5367740093456077,40,1438,1012.1870967741935,631.3107387537177,398553.2488657648,0,2,0,63,154,0,0,0,2.875,1012.1870967741935,65.75,1341.3826086956522,1612,0,0,0,0,0,0,40,2630,115,154259,64240,21900,40,40,0.004382069046432908,0.010203951664608175,0.059942007064819336,2.47955322265625e-05,45.008893966674805,0,45.008893966674805,45.008893966674805
192.168.2.55-192.168.3.255-57621-57621-17,192.168.2.55,57621,192.168.3.255,57621,17,2026-02-02 20:34:28,76891433,7,0,504,0,72,72,72.0,0.0,0,0,0,0,6.55469641196958,0.09103745016624418,12.81523883342743,12.44060686444699,30.009961128234863,0.0158231258392334,76.89143300056458,12.81523883342743,12.44060686444699,30.009961128234863,0.0158231258392334,0,0,0,0,0,0,0,0,0,196,0,0.09103745016624418,0.0,72,72,72.0,0.0,0.0,0,0,0,0,0,0,0,0,0.0,72.0,72.0,0,196,0,0,0,0,0,0,7,504,0,0,-1,-1,7,72,0.0158231258392334,0,0.0158231258392334,0.0158231258392334,15.375121974945069,12.099769782831133,30.009961128234863,3.033582925796509
14.238.143.173-192.168.2.55-443-12993-6,192.168.2.55,12993,14.238.143.173,443,6,2026-02-02 20:34:28,75798529,4,5,162,248,41,40,40.5,0.5,64,40,49.6,8.97997772825746,5.409075936010659,0.11873581322950227,21.646171740123204,19.504700185962374,45.04714798927307,0.0,75.76380205154419,25.254600683848064,18.79154459071127,45.04714798927307,0.00011992454528808594,75.75940012931824,18.93985003232956,19.59150245658727,45.041342973709106,0.0,0,1,0,0,160,224,0.05277147254644545,0.06596434068305682,40,64,45.55555555555556,8.084431006036109,65.35802469135803,2,0,0,1,9,0,0,0,1.25,45.55555555555556,40.5,49.6,160,0,0,0,0,0,0,4,162,5,248,513,21,4,40,0.021471834182739256,0.017563371538552305,0.039129018783569336,5.91278076171875e-05,37.845584988594055,7.162433981895447,45.0080189704895,30.68315100669861
1.1.1.1-192.168.2.55-53-49989-17,192.168.2.55,49989,1.1.1.1,53,17,2026-02-02 20:34:29,52152,1,1,64,144,64,64,64.0,0,144,144,144.0,0,3988.329776631831,38.349324775306066,0,0,0,0,0,0,0,0,0,0,0,0,0,0,0,0,0,0,28,28,19.174662387653033,19.174662387653033,64,144,104.0,40.0,1600.0,0,0,0,0,0,0,0,0,1.0,104.0,64.0,144.0,28,0,0,0,0,0,0,1,64,1,144,-1,-1,1,64,0.052152156829833984,0,0.052152156829833984,0.052152156829833984,0,0,0,0
1.1.1.1-192.168.2.55-53-64275-17,192.168.2.55,64275,1.1.1.1,53,17,2026-02-02 20:34:29,52002,1,1,64,188,64,64,64.0,0,188,188,188.0,0,4845.88296136001,38.4593885822223,0,0,0,0,0,0,0,0,0,0,0,0,0,0,0,0,0,0,28,28,19.22969429111115,19.22969429111115,64,188,126.0,62.0,3844.0,0,0,0,0,0,0,0,0,1.0,126.0,64.0,188.0,28,0,0,0,0,0,0,1,64,1,188,-1,-1,1,64,0.052002906799316406,0,0.052002906799316406,0.052002906799316406,0,0,0,0
192.168.2.55-224.0.0.251-5353-5353-17,192.168.2.55,5353,224.0.0.251,5353,17,2026-02-02 20:34:29,1,1,0,73,0,73,73,73.0,0,0,0,0,0,73000000.0,1000000.0,0,0,0,0,0,0,0,0,0,0,0,0,0,0,0,0,0,0,28,0,1000000.0,0.0,73,73,73.0,0,0,0,0,0,0,0,0,0,0,0.0,73.0,73.0,0,28,0,0,0,0,0,0,1,73,0,0,-1,-1,1,73,0,0,0,0,0,0,0,0
162.159.133.233-192.168.2.55-443-49167-17,192.168.2.55,49167,162.159.133.233,443,17,2026-02-02 20:34:29,244275,10,10,4967,4870,1278,71,496.7,539.4690074508451,1228,50,487.0,537.3788235500167,40270.17194435877,81.87490483756993,0.022308005226982966,0.03230804350079851,0.09958195686340332,0.0,0.24427509307861328,0.027141677008734807,0.0335793739903951,0.09802794456481934,9.918212890625e-05,0.15726900100708008,0.01747433344523112,0.030221122188375905,0.09958195686340332,0.0,0,0,0,0,280,280,40.937452418784964,40.937452418784964,50,1278,491.85,538.4467731354698,289924.92750000005,0,0,0,0,0,0,0,0,1.0,491.85,496.7,487.0,280,0,0,0,0,0,0,10,4967,10,4870,-1,-1,10,50,0.016285006205240884,0.0201077390206276,0.061618804931640625,9.918212890625e-05,0,0,0,0
192.168.2.55-239.255.255.250-58010-1900-17,192.168.2.55,58010,239.255.255.250,1900,17,2026-02-02 20:34:31,1,1,0,153,0,153,153,153.0,0,0,0,0,0,153000000.0,1000000.0,0,0,0,0,0,0,0,0,0,0,0,0,0,0,0,0,0,0,28,0,1000000.0,0.0,153,153,153.0,0,0,0,0,0,0,0,0,0,0,0.0,153.0,153.0,0,28,0,0,0,0,0,0,1,153,0,0,-1,-1,1,153,0,0,0,0,0,0,0,0
104.199.241.202-192.168.2.55-4070-9170-6,192.168.2.55,9170,104.199.241.202,4070,6,2026-02-02 20:34:31,75153032,8,8,355,1880,52,40,44.375,5.655473012931809,353,51,235.0,126.56026232589754,29.739319074760175,0.2128989284994017,10.720073785100665,19.13489679697437,56.74935293197632,0.02037501335144043,75.15303206443787,10.736147437776838,19.149862287041717,56.74935293197632,0.02037501335144043,74.92800092697144,10.704000132424492,19.119906080429278,56.667840003967285,0.15195798873901367,1,8,0,0,344,320,0.10644946424970085,0.10644946424970085,40,353,139.6875,130.8021973964887,17109.21484375,0,0,0,9,16,0,0,0,1.0,139.6875,44.375,235.0,344,0,0,0,0,0,0,8,355,8,1880,510,11,8,40,0.07061888954856178,0.057288825703329084,0.15582895278930664,3.1948089599609375e-05,18.59405606985092,22.199036314157986,56.6161630153656,3.032849073410034
192.168.2.55-40.99.10.114-12770-443-6,192.168.2.55,12770,40.99.10.114,443,6,2026-02-02 20:34:32,45173393,2,2,82,104,41,41,41.0,0.0,52,52,52.0,0.0,4.1174679961349,0.08854769884161078,45.125776052474976,0.002586841583251953,45.12836289405823,45.123189210891724,45.123189210891724,45.123189210891724,0,45.123189210891724,45.123189210891724,45.12836289405823,45.12836289405823,0,45.12836289405823,45.12836289405823,0,0,0,0,80,104,0.04427384942080539,0.04427384942080539,41,52,46.5,5.5,30.25,0,0,0,0,4,0,0,0,1.0,46.5,41.0,52.0,80,0,0,0,0,0,0,2,82,2,104,511,251,2,41,0.04761695861816406,0.002586841583251953,0.050203800201416016,0.04503011703491211,45.07815909385681,0,45.07815909385681,45.07815909385681
192.168.2.55-40.99.33.146-12771-443-6,192.168.2.55,12771,40.99.33.146,443,6,2026-02-02 20:34:33,45093982,2,2,82,104,41,41,41.0,0.0,52,52,52.0,0.0,4.124718818213632,0.0887036304992179,45.048255443573,0.007810354232788086,45.056065797805786,45.04044508934021,45.056065797805786,45.056065797805786,0,45.056065797805786,45.056065797805786,45.04044508934021,45.04044508934021,0,45.04044508934021,45.04044508934021,0,0,0,0,80,104,0.04435181524960895,0.04435181524960895,41,52,46.5,5.5,30.25,0,0,0,0,4,0,0,0,1.0,46.5,41.0,52.0,80,0,0,0,0,0,0,2,82,2,104,513,16388,2,41,0.04572749137878418,0.007810354232788086,0.053537845611572266,0.037917137145996094,45.002527952194214,0,45.002527952194214,45.002527952194214
192.168.2.55-35.186.224.39-12799-443-6,192.168.2.55,12799,35.186.224.39,443,6,2026-02-02 20:34:40,60149082,6,6,369,360,83,40,61.5,21.5,80,40,60.0,20.0,12.119885682908773,0.19950429107668763,12.02109751701355,14.611108149177385,29.966637134552002,0.042099952697753906,60.14908218383789,12.029816436767579,14.565910013300744,29.874392986297607,0.13362717628479004,60.06189298629761,12.012378597259522,14.65616171237263,29.966637134552002,0.042099952697753906,3,3,0,0,240,240,0.09975214553834381,0.09975214553834381,40,83,60.75,20.777090749188154,431.6875,0,0,0,6,12,0,0,0,1.0,60.75,61.5,60.0,240,0,0,0,0,0,0,6,369,6,360,511,1044,6,40,0.04560036129421658,0.00520951491398973,0.053462982177734375,0.037264108657836914,29.86933946609497,0.005053520202636719,29.874392986297607,29.864285945892334
192.168.2.55-35.186.224.39-12801-443-6,192.168.2.55,12801,35.186.224.39,443,6,2026-02-02 20:34:40,66099621,14,20,689,14380,83,40,49.214285714285715,17.64401384293823,1438,40,719.0,603.0684869896619,227.97407547751484,0.5143751122327629,4.128648281097412,8.175403592920777,29.93744707107544,0.0,66.09962105751038,5.084586235193106,8.76666381095661,29.794261932373047,0.0062580108642578125,66.01712393760681,3.4745854704003585,7.676609199649492,29.93744707107544,0.0,3,17,0,0,560,800,0.2118015168017259,0.302573595431037,40,1438,443.20588235294116,568.0888900728665,322724.9870242214,0,0,0,20,34,0,0,0,1.4285714285714286,443.20588235294116,49.214285714285715,719.0,560,0,0,0,0,0,0,14,689,20,14380,512,1043,14,40,0.07843113938967387,0.14378692643595375,0.7321341037750244,4.601478576660156e-05,12.843454742431641,10.088116915627793,29.794261932373047,2.1449408531188965
192.168.2.55-8.8.4.4-61861-443-17,192.168.2.55,61861,8.8.4.4,443,17,2026-02-02 20:34:41,126757,9,11,3489,5486,1278,59,387.6666666666667,482.2263184669851,1278,50,498.72727272727275,470.74140573607946,70804.68722374158,157.7820328105662,0.009306232134501139,0.01731604710774779,0.04743599891662598,0.0,0.08703398704528809,0.01087924838066101,0.018610789807816913,0.04743599891662598,0.00012612342834472656,0.08047819137573242,0.008047819137573242,0.016095638297748748,0.04024100303649902,0.0,0,0,0,0,252,308,71.00191476475479,86.7801180458114,50,1278,448.75,479.14025869258785,229575.3875,0,0,0,0,0,0,0,0,1.2222222222222223,448.75,387.6666666666667,498.72727272727275,252,0,0,0,0,0,0,9,3489,11,5486,-1,-1,9,50,0.01152337681163441,0.018114247112748273,0.04537796974182129,0.00012612342834472656,0,0,0,0
192.168.2.55-8.8.8.8-50356-53-17,192.168.2.55,50356,8.8.8.8,53,17,2026-02-02 20:34:41,38101,1,1,56,132,56,56,56.0,0,132,132,132.0,0,4934.135647733886,52.49080476312644,0,0,0,0,0,0,0,0,0,0,0,0,0,0,0,0,0,0,28,28,26.24540238156322,26.24540238156322,56,132,94.0,38.0,1444.0,0,0,0,0,0,0,0,0,1.0,94.0,56.0,132.0,28,0,0,0,0,0,0,1,56,1,132,-1,-1,1,56,0.038101911544799805,0,0.038101911544799805,0.038101911544799805,0,0,0,0
192.168.2.55-8.8.8.8-50402-53-17,192.168.2.55,50402,8.8.8.8,53,17,2026-02-02 20:34:41,59248,1,1,56,88,56,56,56.0,0,88,88,88.0,0,2430.423873678111,33.75588713441821,0,0,0,0,0,0,0,0,0,0,0,0,0,0,0,0,0,0,28,28,16.877943567209105,16.877943567209105,56,88,72.0,16.0,256.0,0,0,0,0,0,0,0,0,1.0,72.0,56.0,88.0,28,0,0,0,0,0,0,1,56,1,88,-1,-1,1,56,0.059248924255371094,0,0.059248924255371094,0.059248924255371094,0,0,0,0
192.168.2.55-8.8.8.8-60931-443-17,192.168.2.55,60931,8.8.8.8,443,17,2026-02-02 20:34:41,123727,9,11,3486,5495,1278,59,387.3333333333333,482.3774455755576,1278,50,499.54545454545456,470.5904151626712,72587.17951860395,161.64609624452498,0.00915617412990994,0.016260712545858067,0.042550086975097656,0.0,0.0835261344909668,0.01044076681137085,0.017105199868121767,0.042550086975097656,0.00012803077697753906,0.08128499984741211,0.008128499984741211,0.015475556327352945,0.04093790054321289,0.0,0,0,0,0,252,308,72.74074331003625,88.90535293448875,50,1278,449.05,479.1935386667896,229626.4475,0,0,0,0,0,0,0,0,1.2222222222222223,449.05,387.3333333333333,499.54545454545456,252,0,0,0,0,0,0,9,3486,11,5495,-1,-1,9,50,0.009517467938936673,0.01644569784627697,0.0415949821472168,0.00011301040649414062,0,0,0,0
192.168.2.55-35.186.224.24-50312-443-17,192.168.2.55,50312,35.186.224.24,443,17,2026-02-02 20:34:41,357736,9,10,4380,4272,1278,59,486.6666666666667,498.21325197594297,1278,52,427.2,461.7754432621986,24185.37699380922,53.111669311416456,0.03584498517653521,0.03144092970067548,0.10401487350463867,0.0,0.29065990447998047,0.03633248805999756,0.030108035285170753,0.08028197288513184,0.00010800361633300781,0.31870484352111816,0.03541164928012424,0.032573853565875784,0.10401487350463867,0.0,0,0,0,0,252,280,25.158159147513057,27.9535101639034,52,1278,455.36842105263156,480.29949105535525,230687.60110803327,0,0,0,0,0,0,0,0,1.1111111111111112,455.36842105263156,486.6666666666667,427.2,252,0,0,0,0,0,0,9,4380,10,4272,-1,-1,9,52,0.022358551621437073,0.021052468826843397,0.0670769214630127,0.00010800361633300781,0,0,0,0
192.168.2.55-35.186.224.22-61112-443-17,192.168.2.55,61112,35.186.224.22,443,17,2026-02-02 20:34:41,228617,23,23,6024,5072,1278,59,261.9130434782609,365.98121988447514,1278,51,220.52173913043478,347.257061726201,48535.13080604405,201.209085893838,0.009201656688343395,0.016750919820698262,0.06069588661193848,0.0,0.22861790657043457,0.010391723025928844,0.016578507058004125,0.0528261661529541,9.584426879882812e-05,0.1762549877166748,0.008011590350757946,0.016837672571674598,0.06069588661193848,0.0,0,0,0,0,644,644,100.604542946919,100.604542946919,51,1278,241.2173913043478,357.34181134080177,127693.17013232515,0,0,0,0,0,0,0,0,1.0,241.2173913043478,261.9130434782609,220.52173913043478,644,0,0,0,0,0,0,23,6024,23,5072,-1,-1,23,51,0.00714430958032608,0.013873696836269546,0.05194902420043945,9.584426879882812e-05,0,0,0,0
192.168.2.55-35.186.224.35-9178-443-6,192.168.2.55,9178,35.186.224.35,443,6,2026-02-02 20:34:42,63658026,10,10,529,1786,83,40,52.9,19.70507548831011,453,40,178.6,157.83485039749615,36.36619153170059,0.3141787605330505,7.067719327078925,10.08908181729705,30.590115070343018,0.0371708869934082,63.658026933670044,7.073114103741116,10.064705292221365,30.469408988952637,0.13105297088623047,63.56092095375061,7.062324550416735,10.113396709599037,30.590115070343018,0.0371708869934082,3,7,0,0,400,400,0.15708938026652525,0.15708938026652525,40,453,115.75,128.8417149063144,16600.1875,0,0,0,10,20,0,0,0,1.0,115.75,52.9,178.6,400,0,0,0,0,0,0,10,529,10,1786,510,1044,10,40,0.09998558362325033,0.187162904568815,0.7987148761749268,0.0371708869934082,15.539560794830322,9.907539428395156,30.469408988952637,2.5865700244903564
192.168.2.55-35.186.224.24-12298-443-6,192.168.2.55,12298,35.186.224.24,443,6,2026-02-02 20:34:45,43339807,7,7,1990,426,1438,40,284.2857142857143,473.4335718332357,135,40,60.857142857142854,33.04727596912629,55.745518159099355,0.3230286648292181,7.215355674425761,16.050228522221822,43.10844016075134,0.0,43.29249811172485,7.2154163519541425,16.051900963325917,43.10844016075134,0.0,43.29176998138428,7.21529499689738,16.048555906601024,43.100778102874756,0.0,4,2,0,0,280,292,0.16151433241460905,0.16151433241460905,40,1438,172.57142857142858,353.68886938456313,125095.81632653058,0,0,0,6,14,0,0,0,1.0,172.57142857142858,284.2857142857143,60.857142857142854,280,0,0,0,0,0,0,7,1990,7,426,512,854,7,40,0.034925490617752075,0.030787676792827224,0.09359598159790039,3.910064697265625e-05,43.0604031085968,0,43.0604031085968,43.0604031085968
192.168.2.55-35.190.80.1-12941-443-6,192.168.2.55,12941,35.190.80.1,443,6,2026-02-02 20:34:45,24382123,3,3,121,205,41,40,40.333333333333336,0.4714045207910317,113,40,68.33333333333333,31.961782734314987,13.37045126612901,0.2460819251434787,12.178916990756989,12.129100832003175,24.332503080368042,0.049620866775512695,24.382123947143555,12.191061973571777,12.141441106796265,24.332503080368042,0.049620866775512695,24.3335440158844,12.1667720079422,12.116735816001892,24.283507823944092,0.05003619194030762,0,1,0,0,120,132,0.12304096257173935,0.12304096257173935,40,113,54.333333333333336,26.587382136812355,706.8888888888888,2,0,0,1,6,0,0,0,1.0,54.333333333333336,40.333333333333336,68.33333333333333,120,0,0,0,0,0,0,3,121,3,205,509,1044,3,40,0.024654030799865723,0.024404762428810976,0.0495760440826416,4.482269287109375e-05,24.283507823944092,0,24.283507823944092,24.283507823944092
142.250.199.196-192.168.2.55-443-60690-17,192.168.2.55,60690,142.250.199.196,443,17,2026-02-02 20:34:45,213886,7,8,2949,4223,1278,59,421.2857142857143,542.1883474233218,1278,52,527.875,518.3904024719208,33531.728420355656,70.13049725395075,0.023316071583674505,0.03375436470945236,0.1033029556274414,0.0,0.21388697624206543,0.035647829373677574,0.040554589723321224,0.1033029556274414,9.489059448242188e-05,0.08922195434570312,0.012745993477957589,0.021544223405979984,0.06372308731079102,0.0,0,0,0,0,196,224,32.727565385177016,37.402931868773734,52,1278,478.1333333333333,532.292008414763,283334.7822222222,0,0,0,0,0,0,0,0,1.1428571428571428,478.1333333333333,421.2857142857143,527.875,196,0,0,0,0,0,0,7,2949,8,4223,-1,-1,7,52,0.021388697624206542,0.02653600618524809,0.08906006813049316,9.489059448242188e-05,0,0,0,0
192.168.2.55-64.233.188.188-9407-5228-6,192.168.2.55,9407,64.233.188.188,5228,6,2026-02-02 20:34:48,57174499,4,4,188,210,66,40,47.0,10.977249200050075,66,40,52.5,9.205976319760984,6.961145267202406,0.1399225179337167,19.031254013379414,19.012998721931577,45.0856831073761,0.0075609683990478516,57.09488296508789,19.031627655029297,18.96297741210627,44.95974898338318,0.13535308837890625,57.0926411151886,19.030880371729534,19.062888768208108,45.0856831073761,0.0075609683990478516,1,1,0,0,160,184,0.06996125896685836,0.06996125896685836,40,66,49.75,10.497023387608508,110.1875,0,0,0,2,8,0,0,0,1.0,49.75,47.0,52.5,160,0,0,0,0,0,0,4,188,4,210,510,1047,4,40,0.05936579704284668,0.029185191866974405,0.08185887336730957,0.0075609683990478516,28.438835501670837,16.52091348171234,44.95974898338318,11.917922019958496
192.168.2.55-35.186.224.22-13000-443-6,192.168.2.55,13000,35.186.224.22,443,6,2026-02-02 20:34:53,34314486,3,2,121,92,41,40,40.333333333333336,0.4714045207910317,52,40,46.0,6.0,6.20729099173651,0.14571105614404953,22.86244265238444,16.13130275018149,34.272841930389404,0.04933595657348633,34.314486026763916,17.157243013381958,17.10790705680847,34.26515007019043,0.04933595657348633,34.272841930389404,34.272841930389404,0,34.272841930389404,34.272841930389404,0,0,0,0,120,92,0.08742663368642972,0.05828442245761981,40,52,42.6,4.715930449020639,22.240000000000002,2,0,0,0,5,0,0,0,0.6666666666666666,42.6,40.333333333333336,46.0,120,0,0,0,0,0,0,3,121,2,92,510,1046,3,40,0.030285358428955078,0.021557254706112458,0.049211978912353516,0.0001239776611328125,34.22362995147705,0,34.22362995147705,34.22362995147705
192.168.2.55-199.232.210.248-13005-443-6,192.168.2.55,13005,199.232.210.248,443,6,2026-02-02 20:34:54,33877135,3,4,121,196,41,40,40.333333333333336,0.4714045207910317,64,40,49.0,9.9498743710662,9.357343814372259,0.20662904321957667,13.54232964515686,16.567091635217228,33.83451318740845,0.0,33.877135038375854,16.938567519187927,16.892478585243225,33.83104610443115,0.04608893394470215,33.83451318740845,11.278171062469482,15.94974247530812,33.83451318740845,0.0,0,1,0,0,120,172,0.08855530423696144,0.11807373898261525,40,64,45.285714285714285,8.663788114317889,75.06122448979592,2,0,1,1,7,0,0,0,1.3333333333333333,45.285714285714285,40.333333333333336,49.0,120,0,0,0,0,0,0,3,121,4,196,513,297,3,40,0.029483636220296223,0.02071273804756335,0.045829057693481445,0.0002598762512207031,33.788684129714966,0,33.788684129714966,33.788684129714966
192.168.2.55-199.232.210.248-13004-443-6,192.168.2.55,13004,199.232.210.248,443,6,2026-02-02 20:34:54,33832698,3,4,121,196,41,40,40.333333333333336,0.4714045207910317,64,40,49.0,9.9498743710662,9.369633846462959,0.20690043194082244,13.524939775466919,16.54575523246713,33.79200005531311,0.0,33.832698822021484,16.916349411010742,16.870166540145874,33.786515951156616,0.046182870864868164,33.79200005531311,11.264000018437704,15.929701592645392,33.79200005531311,0.0,0,1,0,0,120,172,0.0886716136889239,0.11822881825189854,40,64,45.285714285714285,8.663788114317889,75.06122448979592,2,0,1,1,7,0,0,0,1.3333333333333333,45.285714285714285,40.333333333333336,49.0,120,0,0,0,0,0,0,3,121,4,196,513,293,3,40,0.028889258702596027,0.020399798277282617,0.04596900939941406,0.00021386146545410156,33.746031045913696,0,33.746031045913696,33.746031045913696
192.168.2.55-34.54.84.110-13031-443-6,192.168.2.55,13031,34.54.84.110,443,6,2026-02-02 20:34:54,408512,14,15,2698,5402,1438,40,192.71428571428572,356.4831049034899,1438,40,360.1333333333333,545.765378976066,19828.01858497619,70.98920234127279,0.028092366677743418,0.04412614349612237,0.16968202590942383,0.0,0.38878393173217773,0.029906456287090596,0.04420949119308062,0.16503691673278809,0.0,0.36970996856689453,0.026407854897635325,0.043981660164829926,0.16968202590942383,0.0,7,5,0,0,572,612,34.27064940613169,36.7185529351411,40,1438,279.3103448275862,471.6073105987925,222413.45541022593,2,2,0,12,28,0,0,0,1.0714285714285714,279.3103448275862,192.71428571428572,360.1333333333333,572,0,0,0,0,0,0,14,2698,15,5402,64240,65535,14,40,0.01945299193972633,0.03680947598593028,0.16479992866516113,6.508827209472656e-05,0,0,0,0
192.168.2.55-34.54.84.110-13032-443-6,192.168.2.55,13032,34.54.84.110,443,6,2026-02-02 20:34:55,48334326,50,72,7786,52539,1438,40,155.72,257.766564162228,1438,40,729.7083333333334,667.7231927623735,1248.077814595482,2.524086090023188,0.8052654683589935,4.212606817975987,28.04281711578369,0.0,48.33432602882385,0.9864148169147725,4.643253576370327,28.04281711578369,0.0,48.29753017425537,0.6802469038627517,3.8827511583813124,28.035088062286377,0.0,25,34,0,0,2012,2892,1.0344615123045853,1.4896245777186028,40,1438,494.4672131147541,608.3135406014883,370045.36367911857,2,2,0,59,121,0,0,0,1.44,494.4672131147541,155.72,729.7083333333334,2012,0,0,0,0,0,0,50,7786,72,52539,64240,65535,50,40,0.03051628224989947,0.09922952433662026,0.8279738426208496,1.6927719116210938e-05,22.8702210187912,5.124842047691345,27.995063066482544,17.745378971099854
192.168.2.55-199.232.210.248-13003-443-6,192.168.2.55,13003,199.232.210.248,443,6,2026-02-02 20:34:55,47087357,41,141,3477,191331,499,40,84.8048780487805,136.18660431818114,1438,40,1356.9574468085107,292.2621448456732,4137.16140134071,3.8651563336413757,0.5229628721872965,3.689398266687354,32.38569498062134,0.0,47.08735799789429,1.177183949947357,5.462444007258989,32.382169008255005,4.792213439941406e-05,47.04595899581909,0.33604256425585066,2.9695541324642916,32.38569498062134,0.0,4,69,0,0,1640,5652,0.8707220312049253,2.9944343024364506,40,1438,1070.3736263736264,593.9705499850029,352801.01424948685,0,0,0,73,182,0,0,0,3.4390243902439024,1070.3736263736264,84.8048780487805,1356.9574468085107,1640,0,0,0,0,0,0,41,3477,141,191331,513,321,41,40,0.007946548461914062,0.03921807222128878,0.3337099552154541,2.09808349609375e-05,23.245683431625366,9.095129489898682,32.34081292152405,14.150553941726685
192.168.2.55-199.232.214.248-12964-443-6,192.168.2.55,12964,199.232.214.248,443,6,2026-02-02 20:34:56,46372891,20,116,2147,162008,713,40,107.35,201.88345028753594,1438,40,1396.6206896551723,223.73123713171998,3539.891373254012,2.9327478709911095,0.691830805878141,4.205635666528836,31.68030095100403,0.0,46.372891902923584,2.4406785212065043,7.619981377216649,31.677231073379517,6.508827209472656e-05,46.332436084747314,0.40289074856302015,3.229184478108424,31.68030095100403,0.0,2,24,0,0,800,4652,0.4312864516163396,2.50146141937477,40,1438,1207.0220588235295,507.1336328545287,257184.52157223187,0,0,0,26,136,0,0,0,5.8,1207.0220588235295,107.35,1396.6206896551723,800,0,0,0,0,0,0,20,2147,116,162008,1026,302,20,40,0.003980497519175212,0.011579365365819811,0.04347085952758789,1.6927719116210938e-05,23.114796996116638,8.522033095359802,31.63683009147644,14.592763900756836
192.168.2.55-4.213.25.241-8244-443-6,192.168.2.55,8244,4.213.25.241,443,6,2026-02-02 20:34:58,93010,1,1,41,52,41,41,41.0,0,52,52,52.0,0,999.8904727604565,21.50302091957971,0,0,0,0,0,0,0,0,0,0,0,0,0,0,0,0,0,0,40,52,10.751510459789856,10.751510459789856,41,52,46.5,5.5,30.25,0,0,0,0,2,0,0,0,1.0,46.5,41.0,52.0,40,0,0,0,0,0,0,1,41,1,52,510,7540,1,41,0.09301018714904785,0,0.09301018714904785,0.09301018714904785,0,0,0,0
118.69.17.161-192.168.2.55-443-13008-6,192.168.2.55,13008,118.69.17.161,443,6,2026-02-02 20:35:00,32312129,227,889,15824,1244006,591,40,69.70925110132158,37.90521511506467,1438,40,1399.3318335208098,157.89657558565852,38989.38265597111,34.53811311372468,0.0579967396049568,1.365601341831199,32.25888109207153,0.0,32.31162405014038,0.14297178783247957,2.1410610097610205,32.25888109207153,1.3113021850585938e-05,32.296743869781494,0.03637020706056474,1.0818936218911377,32.2579140663147,0.0,1,62,0,0,15272,35572,7.025225516859768,27.512887596864907,40,1438,1128.8799283154121,553.7211863830544,306607.1522494572,0,0,0,63,1116,0,0,0,3.9162995594713657,1128.8799283154121,69.70925110132158,1399.3318335208098,15272,0,0,0,0,0,0,227,15824,889,1244006,16553,497,227,40,0.0002374913040741917,0.0013648223857721936,0.015386104583740234,1.3113021850585938e-05,32.24349498748779,0,32.24349498748779,32.24349498748779
192.168.2.55-199.232.113.155-13018-443-6,192.168.2.55,13018,199.232.113.155,443,6,2026-02-02 20:35:01,45151130,2,2,82,104,41,41,41.0,0.0,52,52,52.0,0.0,4.119498209201823,0.0885913593376736,45.110437989234924,0.0006769895553588867,45.11111497879028,45.109760999679565,45.11111497879028,45.11111497879028,0,45.11111497879028,45.11111497879028,45.109760999679565,45.109760999679565,0,45.109760999679565,45.109760999679565,0,0,0,0,80,104,0.0442956796688368,0.0442956796688368,41,52,46.5,5.5,30.25,0,0,0,0,4,0,0,0,1.0,46.5,41.0,52.0,80,0,0,0,0,0,0,2,82,2,104,16481,298,2,41,0.04069221019744873,0.0006769895553588867,0.04136919975280762,0.040015220642089844,45.069745779037476,0,45.069745779037476,45.069745779037476
192.168.2.55-8.8.8.8-64596-53-17,192.168.2.55,64596,8.8.8.8,53,17,2026-02-02 20:35:07,41119,1,1,65,129,65,65,65.0,0,129,129,129.0,0,4718.002249718786,48.639198450709124,0,0,0,0,0,0,0,0,0,0,0,0,0,0,0,0,0,0,28,28,24.319599225354562,24.319599225354562,65,129,97.0,32.0,1024.0,0,0,0,0,0,0,0,0,1.0,97.0,65.0,129.0,28,0,0,0,0,0,0,1,65,1,129,-1,-1,1,65,0.04111909866333008,0,0.04111909866333008,0.04111909866333008,0,0,0,0
1.1.1.1-192.168.2.55-53-64596-17,192.168.2.55,64596,1.1.1.1,53,17,2026-02-02 20:35:07,46442,1,1,65,129,65,65,65.0,0,129,129,129.0,0,4177.250482566019,43.064437964598135,0,0,0,0,0,0,0,0,0,0,0,0,0,0,0,0,0,0,28,28,21.532218982299067,21.532218982299067,65,129,97.0,32.0,1024.0,0,0,0,0,0,0,0,0,1.0,97.0,65.0,129.0,28,0,0,0,0,0,0,1,65,1,129,-1,-1,1,65,0.04644203186035156,0,0.04644203186035156,0.04644203186035156,0,0,0,0
192.168.2.55-216.239.38.223-13033-443-6,192.168.2.55,13033,216.239.38.223,443,6,2026-02-02 20:35:07,5187288,14,12,5651,2004,1438,40,403.64285714285717,562.6236508084063,1258,40,167.0,334.08905998251424,1475.722946612785,5.012252986535913,0.4307607114315033,0.4885276510050123,1.0524461269378662,0.0,5.187288045883179,0.3990221573756291,0.47919077826547957,1.0524461269378662,0.0,5.1509690284729,0.46826991167935456,0.496729416623724,1.0498838424682617,0.0,2,3,0,0,572,540,2.6989054542885684,2.3133475322473442,40,1438,294.4230769230769,485.6742476723169,235879.474852071,2,2,0,5,25,0,0,0,0.8571428571428571,294.4230769230769,403.64285714285717,167.0,572,0,0,0,0,0,0,14,5651,12,2004,64240,65535,14,40,0.07256181538105011,0.19596975640574749,0.8285298347473145,6.699562072753906e-05,1.0065747499465942,0.004501516471217419,1.0137059688568115,1.0013558864593506
192.168.2.55-8.8.8.8-64882-53-17,192.168.2.55,64882,8.8.8.8,53,17,2026-02-02 20:35:10,41790,1,1,79,287,79,79,79.0,0,287,287,287.0,0,8758.07430397079,47.85832952989502,0,0,0,0,0,0,0,0,0,0,0,0,0,0,0,0,0,0,28,28,23.92916476494751,23.92916476494751,79,287,183.0,104.0,10816.0,0,0,0,0,0,0,0,0,1.0,183.0,79.0,287.0,28,0,0,0,0,0,0,1,79,1,287,-1,-1,1,79,0.041790008544921875,0,0.041790008544921875,0.041790008544921875,0,0,0,0
1.1.1.1-192.168.2.55-53-64882-17,192.168.2.55,64882,1.1.1.1,53,17,2026-02-02 20:35:10,40068,1,1,79,239,79,79,79.0,0,239,239,239.0,0,7936.3366396725,49.914066916179245,0,0,0,0,0,0,0,0,0,0,0,0,0,0,0,0,0,0,28,28,24.957033458089622,24.957033458089622,79,239,159.0,80.0,6400.0,0,0,0,0,0,0,0,0,1.0,159.0,79.0,239.0,28,0,0,0,0,0,0,1,79,1,239,-1,-1,1,79,0.040068864822387695,0,0.040068864822387695,0.040068864822387695,0,0,0,0
142.250.198.170-192.168.2.55-443-13034-6,192.168.2.55,13034,142.250.198.170,443,6,2026-02-02 20:35:10,5234147,12,12,1764,2755,728,40,147.0,236.73191588799344,1438,40,229.58333333333334,397.7596548866608,863.3688202581016,4.585273663685426,0.4740440845489502,0.49824644006449853,1.1978280544281006,0.0,5.234147787094116,0.47583161700855603,0.4833597022879332,1.1978280544281006,0.0003590583801269531,5.194822072982788,0.47225655208934436,0.5126948778107931,1.1960680484771729,0.0,2,3,0,0,492,540,2.292636831842713,2.292636831842713,40,1438,188.29166666666666,329.8975193357611,108832.37326388888,2,2,0,5,23,0,0,0,1.0,188.29166666666666,147.0,229.58333333333334,492,0,0,0,0,0,0,12,1764,12,2755,64240,65535,12,40,0.10385415428563168,0.22207164222484463,0.8965799808502197,5.3882598876953125e-05,1.086972951889038,0.04179542643049077,1.1454319953918457,1.0501809120178223
192.168.2.55-35.215.189.119-64883-50004-17,192.168.2.55,64883,35.215.189.119,50004,17,2026-02-02 20:35:10,36307134,30,1309,1758,268236,102,36,58.6,19.37111251322443,371,36,204.91673032849502,92.61024204540243,7436.389596457089,36.879803512878226,0.05413410462099131,0.22887273412175765,2.8208189010620117,0.0,36.116584062576294,1.2453994504336654,0.7436675131819012,2.8208189010620117,0.029268980026245117,36.26071381568909,0.02772225826887545,0.09550599820940513,0.8990981578826904,0.0,0,0,0,0,840,36652,0.8262838725812895,36.05351964029693,36,371,201.6385362210605,94.13720879021902,8861.81407881329,0,0,0,0,0,0,0,0,43.63333333333333,201.6385362210605,58.6,204.91673032849502,840,0,0,0,0,0,0,30,1758,1309,268236,-1,-1,30,36,0.03285713562598595,0.09244070327745164,0.8983330726623535,7.796287536621094e-05,0,0,0,0
104.26.7.21-192.168.2.55-443-63457-17,192.168.2.55,63457,104.26.7.21,443,17,2026-02-02 20:35:11,1230412,14,13,7772,6016,1278,71,555.1428571428571,547.0866811892736,1228,51,462.7692307692308,484.10490818641523,11205.993798546948,21.943852085927446,0.09680124282836915,0.18486737944740902,0.7198538780212402,0.0,1.2304129600524902,0.09464715077326848,0.17318423487245707,0.6452591419219971,4.9114227294921875e-05,1.1896181106567383,0.0991348425547282,0.19671614494184897,0.7198538780212402,0.0,0,0,0,0,392,364,11.3782936741846,10.565558411742844,51,1278,510.6666666666667,519.7727423631444,270163.70370370365,0,0,0,0,0,0,0,0,0.9285714285714286,510.6666666666667,555.1428571428571,462.7692307692308,392,0,0,0,0,0,0,14,7772,13,6016,-1,-1,14,51,0.05592786182056774,0.1365319553351981,0.6452591419219971,4.9114227294921875e-05,0,0,0,0
162.159.129.232-192.168.2.55-443-54388-17,192.168.2.55,54388,162.159.129.232,443,17,2026-02-02 20:35:20,902387,149,901,17095,1085529,1278,71,114.73154362416108,201.79937644566408,1228,52,1204.8046614872364,148.2242639755743,1221895.8742768941,1163.5794867432044,0.0016600446391651649,0.014375935833313496,0.3080289363861084,0.0,0.8764758110046387,0.0059221338581394506,0.02272151871233686,0.2238788604736328,4.291534423828125e-05,0.8632509708404541,0.0009591677453782823,0.012340061681176333,0.3080289363861084,0.0,0,0,0,0,4172,25228,165.11747002355946,998.4620167196449,52,1278,1050.1180952380953,411.48905598614874,169323.24319637186,0,0,0,0,0,0,0,0,6.046979865771812,1050.1180952380953,114.73154362416108,1204.8046614872364,4172,0,0,0,0,0,0,149,17095,901,1085529,-1,-1,149,52,0.003958227341635185,0.018248860150774038,0.2238788604736328,1.811981201171875e-05,0,0,0,0
192.168.2.55-35.186.224.22-59659-443-17,192.168.2.55,59659,35.186.224.22,443,17,2026-02-02 20:35:21,25359031,142,197,35281,121805,1278,59,248.45774647887325,353.5430053972842,1278,51,618.2994923857868,567.3967328389286,6194.47936823509,13.36801819278418,0.15020626659563105,0.6833829872872739,5.209871053695679,0.0,25.308238983154297,0.17949105661811557,0.7418419433600408,5.209871053695679,4.1961669921875e-05,25.311272859573364,0.12913914724272124,0.6371924291561175,5.1795501708984375,0.0,0,0,0,0,3976,5516,5.599582841815202,7.768435350968978,51,1278,463.3805309734513,522.243187262032,272737.94664160593,0,0,0,0,0,0,0,0,1.3873239436619718,463.3805309734513,248.45774647887325,618.2994923857868,3976,0,0,0,0,0,0,142,35281,197,121805,-1,-1,142,51,0.01817913335912368,0.06642501085763045,0.8043031692504883,4.100799560546875e-05,3.453892151514689,1.093600054902156,5.132747173309326,2.0621888637542725
192.168.2.55-8.8.4.4-55215-443-17,192.168.2.55,55215,8.8.4.4,443,17,2026-02-02 20:35:28,17647078,27,37,6011,10965,1278,59,222.62962962962962,309.98556097175555,1278,50,296.35135135135135,351.04833086952846,961.9722859589007,3.6266627180354405,0.5679614351641747,2.327657412809813,12.612377166748047,0.0,17.607372045516968,0.677206617135268,2.525651392668943,12.608587980270386,0.0001361370086669922,17.606236934661865,0.4890621370739407,2.170055876333732,12.612377166748047,0.0,0,0,0,0,756,1036,1.5299983341712016,2.096664383864239,50,1278,265.25,336.3170472188408,113109.15625,0,0,0,0,0,0,0,0,1.3703703703703705,265.25,222.62962962962962,296.35135135135135,756,0,0,0,0,0,0,27,6011,37,10965,-1,-1,27,50,0.01801932689755462,0.055681902577204394,0.36441898345947266,1.1920928955078125e-05,8.436123490333557,4.131025671958923,12.56714916229248,4.305097818374634
192.168.2.55-35.186.224.24-52953-443-17,192.168.2.55,52953,35.186.224.24,443,17,2026-02-02 20:35:28,14500477,13,17,4730,6977,1278,59,363.84615384615387,451.66441697584526,1278,52,410.4117647058824,502.12642640761874,807.3527470153483,2.068897446866016,1.031553932598659,3.5900825839829107,13.97773289680481,0.0,14.43344497680664,1.2027870814005535,3.8504471393987405,13.972841024398804,0.00011205673217773438,14.45006513595581,0.9031290709972382,3.3759845617521296,13.97773289680481,0.0,0,0,0,0,364,476,0.8965222269752736,1.1723752198907424,52,1278,390.23333333333335,481.4633723232629,231806.97888888887,0,0,0,0,0,0,0,0,1.3076923076923077,390.23333333333335,363.84615384615387,410.4117647058824,364,0,0,0,0,0,0,13,4730,17,6977,-1,-1,13,52,0.025786441305409306,0.025172011227323047,0.0703439712524414,0.00011205673217773438,13.907388925552368,0,13.907388925552368,13.907388925552368
192.168.2.55-35.186.224.24-65467-443-17,192.168.2.55,65467,35.186.224.24,443,17,2026-02-02 20:35:28,16813230,22,33,6021,27808,1278,59,273.6818181818182,412.52486276186335,1278,52,842.6666666666666,554.7523972207982,2012.046347152251,3.2712332346026725,0.6329361897594524,2.64942570504953,13.880795955657959,0.0,16.78182101249695,0.7991343339284261,2.9525431651176133,13.8753080368042,6.699562072753906e-05,16.76379704475403,0.5238686576485634,2.4238576079353873,13.880795955657959,0.0,0,0,0,0,616,924,1.308493293841069,1.9627399407616033,52,1278,615.0727272727273,574.821137542183,330419.34016528924,0,0,0,0,0,0,0,0,1.5,615.0727272727273,273.6818181818182,842.6666666666666,616,0,0,0,0,0,0,22,6021,33,27808,-1,-1,22,52,0.029582461795291386,0.0576022668353093,0.31282711029052734,6.699562072753906e-05,7.859339952468872,5.948354005813599,13.80769395828247,1.9109859466552734
118.69.17.154-192.168.2.55-443-13035-6,192.168.2.55,13035,118.69.17.154,443,6,2026-02-02 20:35:28,17530805,53,262,5816,333580,1424,40,109.73584905660377,213.747881017271,1438,40,1273.206106870229,422.18355903559075,19359.97713767485,17.96836968723137,0.11198576951560121,1.114535741830194,13.79444408416748,0.0,17.530805826187134,0.3371308812728295,1.9121472358890594,13.77329683303833,0.0,17.520740032196045,0.06712927215400784,0.8655085586838777,13.79444408416748,0.0,17,62,0,0,2144,10504,3.0232495029309927,14.945120184300379,40,1438,1077.4476190476191,587.6857595842702,345374.55201814056,0,3,0,79,314,0,0,0,4.943396226415095,1077.4476190476191,109.73584905660377,1273.206106870229,2144,0,0,0,0,0,0,53,5816,262,333580,64240,64240,53,40,0.01520164259548845,0.06093067471671329,0.39823293685913086,2.5033950805664062e-05,8.10413146018982,5.669165372848511,13.77329683303833,2.4349660873413086
192.168.2.55-8.8.8.8-51694-443-17,192.168.2.55,51694,8.8.8.8,443,17,2026-02-02 20:35:28,4919704,17,22,4712,7628,1278,59,277.1764705882353,375.0441911678139,1278,51,346.72727272727275,400.66855286657864,2508.280519965894,7.927304722744723,0.26472486032022013,1.0824051945123632,4.797638893127441,0.0,4.919704914093018,0.3074815571308136,1.156792725162871,4.787319898605347,7.891654968261719e-05,4.875114917755127,0.2321483294169108,1.0209004112967173,4.797638893127441,0.0,0,0,0,0,476,616,3.455491802222059,4.471812920522664,51,1278,316.4102564102564,391.2292735854395,153060.34451019065,0,0,0,0,0,0,0,0,1.2941176470588236,316.4102564102564,277.1764705882353,346.72727272727275,476,0,0,0,0,0,0,17,4712,22,7628,-1,-1,17,51,0.0063119641056767215,0.01269791373947551,0.048187971115112305,7.605552673339844e-05,4.749281883239746,0,4.749281883239746,4.749281883239746
192.168.2.55-35.186.224.24-56236-443-17,192.168.2.55,56236,35.186.224.24,443,17,2026-02-02 20:35:28,2390078,11,12,5915,3966,1278,59,537.7272727272727,526.4773311029538,1278,52,330.5,449.90156330764916,4134.174583334747,9.623116629561702,0.22251980645315989,0.3569775670320943,1.2510440349578857,0.0,2.323982000350952,0.2323982000350952,0.3591478843215129,1.2298221588134766,9.012222290039062e-05,2.3489339351654053,0.21353944865140048,0.3547544196450571,1.2510440349578857,0.0,0,0,0,0,308,336,4.602360127181683,5.020756502380018,52,1278,429.60869565217394,498.8837748353326,248885.0207939508,0,0,0,0,0,0,0,0,1.0909090909090908,429.60869565217394,537.7272727272727,330.5,308,0,0,0,0,0,0,11,5915,12,3966,-1,-1,11,52,0.05930359363555908,0.09367271793449264,0.39055490493774414,9.012222290039062e-05,1.2040061950683594,0,1.2040061950683594,1.2040061950683594
118.69.17.168-192.168.2.55-443-13036-6,192.168.2.55,13036,118.69.17.168,443,6,2026-02-02 20:35:28,14206963,9,11,2458,4719,1424,40,273.1111111111111,449.66862970771035,1438,40,429.0,531.4484495653878,505.17481945539595,1.4077603997642356,1.577030168639289,3.2490309888626454,10.013535022735596,0.0,14.192600011825562,1.7740750014781952,3.3939443276285126,10.013535022735596,0.0,14.19394302368164,1.419394302368164,3.119321621983592,10.013516187667847,0.0,2,6,0,0,372,452,0.633492179893906,0.7742682198703297,40,1438,358.85,502.34054932883924,252346.0275,2,2,0,8,19,0,0,0,1.2222222222222223,358.85,273.1111111111111,429.0,372,0,0,0,0,0,0,9,2458,11,4719,64240,64240,9,40,0.006336307525634766,0.007541935170252244,0.019766807556152344,4.315376281738281e-05,7.071799993515015,2.9416730403900146,10.01347303390503,4.130126953125
1.1.1.1-192.168.2.55-53-52089-17,192.168.2.55,52089,1.1.1.1,53,17,2026-02-02 20:35:28,44000,1,1,55,312,55,55,55.0,0,312,312,312.0,0,8340.745303517147,45.45365288020243,0,0,0,0,0,0,0,0,0,0,0,0,0,0,0,0,0,0,28,28,22.726826440101217,22.726826440101217,55,312,183.5,128.5,16512.25,0,0,0,0,0,0,0,0,1.0,183.5,55.0,312.0,28,0,0,0,0,0,0,1,55,1,312,-1,-1,1,55,0.044000864028930664,0,0.044000864028930664,0.044000864028930664,0,0,0,0
1.1.1.1-192.168.2.55-53-59128-17,192.168.2.55,59128,1.1.1.1,53,17,2026-02-02 20:35:28,47072,1,1,55,354,55,55,55.0,0,354,354,354.0,0,8688.653329146366,42.48730234301401,0,0,0,0,0,0,0,0,0,0,0,0,0,0,0,0,0,0,28,28,21.243651171507004,21.243651171507004,55,354,204.5,149.5,22350.25,0,0,0,0,0,0,0,0,1.0,204.5,55.0,354.0,28,0,0,0,0,0,0,1,55,1,354,-1,-1,1,55,0.0470728874206543,0,0.0470728874206543,0.0470728874206543,0,0,0,0
192.168.2.55-239.255.255.250-58983-1900-17,192.168.2.55,58983,239.255.255.250,1900,17,2026-02-02 20:35:31,3010499,4,0,792,0,198,198,198.0,0.0,0,0,0,0,263.0792267207478,1.3286829632361001,1.003499984741211,0.003992266304359473,1.009131908416748,1.0003399848937988,3.010499954223633,1.003499984741211,0.003992266304359473,1.009131908416748,1.0003399848937988,0,0,0,0,0,0,0,0,0,112,0,1.3286829632361001,0.0,198,198,198.0,0.0,0.0,0,0,0,0,0,0,0,0,0.0,198.0,198.0,0,112,0,0,0,0,0,0,4,792,0,0,-1,-1,4,198,0,0,0,0,1.003499984741211,0.003992266304359473,1.009131908416748,1.0003399848937988
192.168.2.55-35.186.224.22-55031-443-17,192.168.2.55,55031,35.186.224.22,443,17,2026-02-02 20:35:32,14229573,30,27,17874,5371,1278,59,595.8,551.8298288421894,1278,51,198.92592592592592,326.3186270577936,1633.5696386312259,4.0057418542473595,0.5155232342806729,1.7433815351118556,9.04215407371521,0.0,14.164582967758179,0.4884338954399372,1.7013696956904836,9.03521990776062,3.719329833984375e-05,14.189194917678833,0.5457382660645705,1.7885934583914207,9.04215407371521,0.0,0,0,0,0,840,756,2.1082851864459786,1.897456667801381,51,1278,407.8070175438597,499.9795588311583,249979.55924899963,0,0,0,0,0,0,0,0,0.9,407.8070175438597,595.8,198.92592592592592,840,0,0,0,0,0,0,30,17874,27,5371,-1,-1,30,51,0.02349531893827477,0.024250704018826688,0.07273983955383301,3.719329833984375e-05,4.359434445699056,3.2678540296773835,8.970575094223022,1.7867660522460938
192.168.2.55-8.8.4.4-55703-443-17,192.168.2.55,55703,8.8.4.4,443,17,2026-02-02 20:35:38,5111449,29,29,4534,8015,1278,61,156.3448275862069,226.03070829853132,1278,50,276.37931034482756,323.00757050945555,2455.076826961518,11.347075939418922,0.18128524933542525,0.8562598228423055,4.650760889053345,0.0,5.084599018096924,0.18159282207489014,0.8515034262150073,4.603859901428223,8.678436279296875e-05,5.06737494468689,0.18097767659596034,0.8609898340689028,4.650760889053345,0.0,0,0,0,0,812,812,5.673537969709461,5.673537969709461,50,1278,216.36206896551724,285.15601889660473,81313.95511296079,0,0,0,0,0,0,0,0,1.0,216.36206896551724,156.3448275862069,276.37931034482756,812,0,0,0,0,0,0,29,4534,29,8015,-1,-1,29,50,0.01335760794187847,0.022472032558262772,0.10878992080688477,8.678436279296875e-05,4.603859901428223,0,4.603859901428223,4.603859901428223
192.168.2.55-49.213.95.187-13037-443-6,192.168.2.55,13037,49.213.95.187,443,6,2026-02-02 20:35:38,5177809,18,32,2402,30943,583,40,133.44444444444446,165.62347600044245,1438,40,966.96875,601.2053769498718,6439.982625836861,9.65659413080951,0.2145783950885137,0.9803412821311975,4.927261114120483,0.0,5.129410028457642,0.3017300016739789,1.1504482139699572,4.902761936187744,0.00015997886657714844,5.170352935791016,0.16678557857390372,0.8693964208935466,4.927261114120483,0.0,8,10,0,0,732,1292,3.476373887091423,6.180220243718086,40,1438,666.9,633.4628718401734,401275.21,0,2,0,18,49,0,0,0,1.7777777777777777,666.9,133.44444444444446,966.96875,732,0,0,0,0,0,0,18,2402,32,30943,64240,42340,18,40,0.009823109422411238,0.019129050342488928,0.07984304428100586,2.8133392333984375e-05,4.902761936187744,0,4.902761936187744,4.902761936187744
192.168.2.55-49.213.95.122-13038-443-6,192.168.2.55,13038,49.213.95.122,443,6,2026-02-02 20:35:38,5108400,15,21,2385,15770,590,40,159.0,180.57205394707862,1340,40,750.952380952381,570.6933524182064,3553.950282231791,7.047216202717955,0.29983341693878174,1.0927437721917863,4.681419134140015,0.0,5.108400106430054,0.364885721887861,1.1987299749922544,4.681419134140015,0.0002779960632324219,5.085936069488525,0.2542968034744263,1.0094790170855479,4.648445129394531,0.0,7,8,0,0,612,844,2.9363400844658147,4.110876118252141,40,1340,504.30555555555554,537.3460926651176,288740.82330246916,0,2,0,15,35,0,0,0,1.4,504.30555555555554,159.0,750.952380952381,612,0,0,0,0,0,0,15,2385,21,15770,64240,29200,15,40,0.019702245791753132,0.04558829841152974,0.22261714935302734,5.0067901611328125e-05,4.6355462074279785,0,4.6355462074279785,4.6355462074279785
192.168.2.55-49.213.95.122-13039-443-6,192.168.2.55,13039,49.213.95.122,443,6,2026-02-02 20:35:38,144950,10,9,1696,3711,571,40,169.6,200.6365868928197,1438,40,412.3333333333333,502.37104481316067,37302.47913613448,131.07954569753193,0.015761193107156193,0.019963392345474135,0.06637716293334961,0.0,0.14495015144348145,0.01610557238260905,0.01805534101809682,0.05553102493286133,0.0002849102020263672,0.12299013137817383,0.015373766422271729,0.021905773651577667,0.06637716293334961,0.0,5,5,0,0,412,372,68.98923457764839,62.090311119883545,40,1438,284.57894736842104,394.2369466236041,155422.77008310248,0,2,0,10,18,0,0,0,0.9,284.57894736842104,169.6,412.3333333333333,412,0,0,0,0,0,0,10,1696,9,3711,64240,42340,10,40,0.00966334342956543,0.015354034312030623,0.05553102493286133,4.1961669921875e-05,0,0,0,0
192.168.2.55-8.8.4.4-49437-443-17,192.168.2.55,49437,8.8.4.4,443,17,2026-02-02 20:35:41,124347,9,9,3422,3876,1278,61,380.22222222222223,485.83737054418117,1278,50,430.6666666666667,420.78550883371025,58690.163016989645,144.75512939241074,0.010479003190994263,0.015948083152032805,0.04164886474609375,0.0,0.08354306221008301,0.010442882776260376,0.015228536803517951,0.040760040283203125,0.00015783309936523438,0.0841209888458252,0.01051512360572815,0.016636459055444558,0.04164886474609375,0.0,0,0,0,0,252,252,72.37756469620537,72.37756469620537,50,1278,405.44444444444446,455.17618349897367,207185.35802469138,0,0,0,0,0,0,0,0,1.0,405.44444444444446,380.22222222222223,430.6666666666667,252,0,0,0,0,0,0,9,3422,9,3876,-1,-1,9,50,0.009565225014319787,0.014814997082056646,0.04080486297607422,0.00014400482177734375,0,0,0,0
192.168.2.55-49.213.95.184-13040-443-6,192.168.2.55,13040,49.213.95.184,443,6,2026-02-02 20:35:41,125489,10,11,1388,4945,557,40,138.8,157.8871749066402,1438,40,449.54545454545456,512.3415699487215,50466.19263864058,167.34407791117198,0.011592413249768709,0.020874195007810743,0.07960200309753418,0.0,0.1254899501800537,0.013943327797783745,0.023841484615294024,0.07960200309753418,0.0001881122589111328,0.09476590156555176,0.009476590156555175,0.017517569930729594,0.05823183059692383,0.0,5,5,0,0,412,452,79.68765614817714,87.65642176299485,40,1438,301.57142857142856,416.47735563305486,173453.38775510207,0,2,0,10,20,0,0,0,1.1,301.57142857142856,138.8,449.54545454545456,412,0,0,0,0,0,0,10,1388,11,4945,64240,42340,10,40,0.008963567870003837,0.014993261172432567,0.05823183059692383,9.012222290039062e-05,0,0,0,0
192.168.2.55-199.232.214.248-13042-443-6,192.168.2.55,13042,199.232.214.248,443,6,2026-02-02 20:35:45,265145,44,182,4529,253171,1438,40,102.93181818181819,244.28517218865264,1438,40,1391.0494505494505,240.6532382311252,971920.7919438827,852.3635971257954,0.002158325697694506,0.0077026254753702035,0.0531158447265625,0.0,0.26514506340026855,0.006166164265122525,0.012343029136209514,0.05227804183959961,0.0,0.21831989288330078,0.0012061872534988994,0.005701683719976923,0.0531158447265625,0.0,3,83,0,0,1772,7292,165.9468950156416,686.4167021101539,40,1438,1140.2654867256638,564.2725682564322,318403.53128670994,0,2,0,86,225,0,0,0,4.136363636363637,1140.2654867256638,102.93181818181819,1391.0494505494505,1772,0,0,0,0,0,0,44,4529,182,253171,64240,65535,44,40,0.003156488850003197,0.00927355188243987,0.052217960357666016,1.811981201171875e-05,0,0,0,0
192.168.2.55-199.232.214.250-13043-443-6,192.168.2.55,13043,199.232.214.250,443,6,2026-02-02 20:35:45,175800,14,47,3411,52731,1438,40,243.64285714285714,384.5657304290232,1438,40,1121.936170212766,572.850929487873,319351.38130544283,346.9850425640699,0.004747681698556674,0.012825850164255248,0.0525507926940918,0.0,0.14220309257507324,0.010938699428851787,0.017468438550042653,0.05035114288330078,0.0,0.1379101276397705,0.0029980462530384893,0.010529102117054929,0.0525507926940918,0.0,6,21,0,0,572,1892,79.63591140814718,267.3491311559227,40,1438,920.360655737705,650.5344595347682,423195.083042193,0,2,0,27,60,0,0,0,3.357142857142857,920.360655737705,243.64285714285714,1121.936170212766,572,0,0,0,0,0,0,14,3411,47,52731,64240,65535,14,40,0.009252636056197317,0.016231243622627994,0.050276994705200195,4.696846008300781e-05,0,0,0,0
192.168.2.55-35.215.189.119-62822-50004-17,35.215.189.119,50004,192.168.2.55,62822,17,2026-02-02 20:34:17,53657540,1664,40,355469,2360,371,36,213.6231971153846,93.93881225282104,88,36,59.0,18.627936010197157,6668.755210301292,31.756953400516455,0.06215117330696832,0.284929054964533,4.86852502822876,0.0,53.65754008293152,0.03226550816772791,0.10943567317245614,1.1484270095825195,0.0,52.123756885528564,1.3365065868084247,1.170570389914266,4.86852502822876,0.011717081069946289,0,0,0,0,46592,1120,31.01148501083297,0.7454683896834848,36,371,209.99354460093898,95.7786624900075,9173.552188374772,0,0,0,0,0,0,0,0,0.02403846153846154,209.99354460093898,213.6231971153846,59.0,46592,0,0,0,0,0,0,1664,355469,40,2360,-1,-1,1664,36,0.03346661126408477,0.10201260325357335,0.8999319076538086,3.504753112792969e-05,1.1484270095825195,0,1.1484270095825195,1.1484270095825195
162.159.136.234-192.168.2.55-443-12797-6,162.159.136.234,443,192.168.2.55,12797,6,2026-02-02 20:34:17,120293405,601,418,185305,24624,1438,40,308.3277870216306,270.9279500526447,1438,40,58.90909090909091,152.49483908009316,1745.1413891083432,8.470954825209484,0.23656509360967015,0.2521402544860566,1.682499885559082,0.0,120.29334902763367,0.20048891504605612,0.2420129617098076,1.682499885559082,0.0,120.29335117340088,0.2884732642047983,0.2573095921528317,1.678717851638794,0.0,581,10,0,0,24076,16732,4.996117615260942,3.4748372099485416,40,1438,206.01472031403335,260.5418652948885,67882.06357133984,0,0,0,591,1019,0,0,0,0.6955074875207987,206.01472031403335,308.3277870216306,58.90909090909091,24076,0,0,0,0,0,0,601,185305,418,24624,16,8681,601,40,0.11553532490555529,0.15581872197283597,0.9725050926208496,1.0013580322265625e-05,1.2446462213993073,0.20412780976222436,1.6335928440093994,1.0262928009033203
192.168.2.55-64.233.189.188-8590-5228-6,192.168.2.55,8590,64.233.189.188,5228,6,2026-02-02 20:34:17,90270590,3,3,123,156,41,41,41.0,0.0,52,52,52.0,0.0,3.090707613556103,0.06646683039905597,45.098627507686615,0.0008406359053206864,45.099454164505005,45.09748101234436,90.19886517524719,45.099432587623596,2.1576881408691406e-05,45.099454164505005,45.09941101074219,90.19564485549927,45.097822427749634,0.0003414154052734375,45.09816384315491,45.09748101234436,0,0,0,0,120,156,0.03323341519952799,0.03323341519952799,41,52,46.5,5.5,30.25,0,0,0,0,6,0,0,0,1.0,46.5,41.0,52.0,120,0,0,0,0,0,0,3,123,3,156,509,1047,3,41,0.0732284386952718,0.0013233074002919802,0.07494521141052246,0.07172489166259766,45.02545237541199,0.0009865760803222656,45.02643895149231,45.024465799331665
172.253.144.95-192.168.2.55-443-13019-6,192.168.2.55,13019,172.253.144.95,443,6,2026-02-02 20:34:18,90249742,3,3,123,156,41,41,41.0,0.0,52,52,52.0,0.0,3.0914215788435695,0.06648218449125956,45.10407429933548,0.009768842498504009,45.11449599266052,45.093992948532104,90.20914220809937,45.10457110404968,0.009924888610839844,45.11449599266052,45.09464621543884,90.20715498924255,45.10357749462128,0.009584546089172363,45.11316204071045,45.093992948532104,0,0,0,0,120,156,0.03324109224562978,0.03324109224562978,41,52,46.5,5.5,30.25,0,0,0,0,6,0,0,0,1.0,46.5,41.0,52.0,120,0,0,0,0,0,0,3,123,3,156,8235,1043,3,41,0.04147998491923014,0.0008269908128880343,0.0425870418548584,0.040599822998046875,45.06265103816986,0.009257912635803223,45.071908950805664,45.05339312553406
162.159.138.232-192.168.2.55-443-54546-17,192.168.2.55,54546,162.159.138.232,443,17,2026-02-02 20:34:20,116112650,109,113,62911,42645,1278,73,577.1651376146789,530.6047875956986,1228,50,377.3893805309734,460.1460221029172,909.0826814127255,1.911936368123319,1.055293981595473,2.233475977465136,10.182305097579956,0.0,116.11265087127686,1.075117137697008,2.238187380782727,10.131584167480469,5.0067901611328125e-05,116.05202507972717,1.0361787953547068,2.2287564336278702,10.182305097579956,0.0,0,0,0,0,3052,3164,0.9387435320965846,0.9731928360267345,50,1278,475.47747747747746,505.9479791449355,255983.3576008441,0,0,0,0,0,0,0,0,1.036697247706422,475.47747747747746,577.1651376146789,377.3893805309734,3052,0,0,0,0,0,0,109,62911,113,42645,-1,-1,109,50,0.07061935129745231,0.13434214060005076,0.9451560974121094,5.0067901611328125e-05,4.92050229935419,2.6913590156828353,10.131584167480469,1.0048980712890625
162.159.128.235-192.168.2.55-443-12826-6,192.168.2.55,12826,162.159.128.235,443,6,2026-02-02 20:34:20,110181917,18,18,1377,1224,113,40,76.5,36.5,96,40,68.0,28.0,23.606414277736093,0.3267323775465203,6.4783823209650375,6.740635878472119,14.652658939361572,0.07364106178283691,110.1819179058075,6.481289288576911,6.693505509207286,14.541742086410522,0.16808390617370605,110.08308100700378,6.475475353353164,6.787437748486648,14.652658939361572,0.07364106178283691,9,9,0,0,720,720,0.16336618877326015,0.16336618877326015,40,113,72.25,32.80529682840867,1076.1875,0,0,0,18,36,0,0,0,1.0,72.25,76.5,68.0,720,0,0,0,0,0,0,18,1377,18,1224,510,18,18,40,0.05950969236868399,0.018715467239302862,0.09707903861999512,0.037487030029296875,13.571894526481628,0.48912665394618515,14.541742086410522,12.605822086334229
142.250.197.234-192.168.2.55-443-13012-6,192.168.2.55,13012,142.250.197.234,443,6,2026-02-02 20:34:22,105922366,8,8,328,416,41,41,41.0,0.0,52,52,52.0,0.0,7.024012227754693,0.15105402640332674,15.125376343727112,0.049184697125271314,15.205157995223999,15.062921047210693,105.88097190856934,15.125853129795619,0.05030726846204662,15.205157995223999,15.062921047210693,105.87429690361023,15.124899557658605,0.04803116647122644,15.198881149291992,15.06355595588684,0,0,0,0,320,416,0.07552701320166337,0.07552701320166337,41,52,46.5,5.5,30.25,0,0,0,0,16,0,0,0,1.0,46.5,41.0,52.0,320,0,0,0,0,0,0,8,328,8,416,509,1047,8,41,0.045117467641830444,0.002544006404985275,0.04870486259460449,0.041394948959350586,15.080203873770577,0.049578072703684285,15.156453132629395,15.014851093292236
142.250.197.74-192.168.2.55-443-13011-6,192.168.2.55,13011,142.250.197.74,443,6,2026-02-02 20:34:23,105386036,8,8,328,416,41,41,41.0,0.0,52,52,52.0,0.0,7.059758836429954,0.151822770675913,15.049530795642308,0.005764067640547405,15.059150218963623,15.041152000427246,105.3471200466156,15.049588578087944,0.005729957686480249,15.059150218963623,15.041865110397339,105.34631109237671,15.049473013196673,0.0057974010400101035,15.056939125061035,15.041152000427246,0,0,0,0,320,416,0.0759113853379565,0.0759113853379565,41,52,46.5,5.5,30.25,0,0,0,0,16,0,0,0,1.0,46.5,41.0,52.0,320,0,0,0,0,0,0,8,328,8,416,511,1047,8,41,0.04130104184150696,0.0031076628661756466,0.048439979553222656,0.03847908973693848,15.007946831839424,0.004928786614772849,15.015726089477539,15.002140045166016
192.168.2.55-34.54.84.110-13023-443-6,192.168.2.55,13023,34.54.84.110,443,6,2026-02-02 20:34:23,19670692,28,47,3811,31852,716,40,136.10714285714286,185.3722778021326,1438,40,677.7021276595744,666.9974613143054,1813.0017149776354,3.8127787517405336,0.5381826146008217,2.850933646470823,17.501588821411133,0.0,19.670692920684814,0.7285441822475858,3.293438548579637,17.496052026748657,3.600120544433594e-05,19.61663794517517,0.4264486509820689,2.549153495137106,17.501588821411133,0.0,16,22,0,0,1120,1880,1.4234374006497992,2.3893413510907346,40,1438,475.50666666666666,600.2073280310915,360248.8366222222,2,0,0,38,75,0,0,0,1.6785714285714286,475.50666666666666,136.10714285714286,677.7021276595744,1120,0,0,0,0,0,0,28,3811,47,31852,510,1044,28,40,0.04267826905617347,0.12460199914476856,0.8385629653930664,1.8835067749023438e-05,17.451422929763794,0,17.451422929763794,17.451422929763794
192.168.2.55-49.213.95.30-9858-443-6,49.213.95.30,443,192.168.2.55,9858,6,2026-02-02 20:34:23,72943783,8,10,2972,775,1438,40,371.5,477.6834726050295,225,40,77.5,56.74195978286263,51.368324956621365,0.2467653720894541,9.11204281449318,12.24408230689944,30.849699020385742,0.0,72.89281415939331,10.413259165627617,12.580444370591682,30.849699020385742,0.0,72.89987087249756,8.09998565249973,11.877791019095193,30.781804084777832,0.05209803581237793,6,4,0,0,320,400,0.10967349870642405,0.13709187338303006,40,1438,208.16666666666666,352.90921873290114,124544.91666666667,0,0,0,10,18,0,0,0,1.25,208.16666666666666,371.5,77.5,320,0,0,0,0,0,0,8,2972,10,775,144,513,8,40,0.10162260315634987,0.22878109304909205,0.8227989673614502,5.888938903808594e-05,17.956483840942383,11.935145949393444,30.781804084777832,1.396017074584961
192.168.2.55-8.8.4.4-63175-443-17,192.168.2.55,63175,8.8.4.4,443,17,2026-02-02 20:34:23,112043,11,11,3548,3983,1278,61,322.54545454545456,456.25697775712547,1278,51,362.09090909090907,408.1328782161415,67214.75110757406,196.35168295931874,0.008011794090270996,0.015169460352431604,0.04362201690673828,0.0,0.11204385757446289,0.011204385757446289,0.017194262270738843,0.04362201690673828,0.0001571178436279297,0.04819202423095703,0.004819202423095703,0.012008210383999822,0.04049205780029297,0.0,0,0,0,0,308,308,98.17584147965937,98.17584147965937,51,1278,342.3181818181818,433.3155879498574,187762.3987603306,0,0,0,0,0,0,0,0,1.0,342.3181818181818,322.54545454545456,362.09090909090907,308,0,0,0,0,0,0,11,3548,11,3983,-1,-1,11,51,0.007469590504964193,0.012376245587620722,0.04239988327026367,0.00010418891906738281,0,0,0,0
192.168.2.55-49.213.95.137-13026-443-6,192.168.2.55,13026,49.213.95.137,443,6,2026-02-02 20:34:23,32287090,16,16,3063,4482,593,40,191.4375,216.82711106720487,1438,40,280.125,414.572049678943,233.68472718078027,0.9911081868502277,2.1517099301020304,7.464511466798122,30.00789499282837,0.0,32.27780890464783,2.151853926976522,7.4644228553480785,30.007892847061157,6.29425048828125e-05,32.273488998413086,2.151565933227539,7.464600074418478,30.00789499282837,0.0,8,8,0,0,652,652,0.49555409342511386,0.49555409342511386,40,1438,235.78125,333.7789064612045,111408.3583984375,2,2,0,16,31,0,0,0,1.0,235.78125,191.4375,280.125,652,0,0,0,0,0,0,16,3063,16,4482,64240,42340,16,40,0.004892804405905984,0.008821295145616626,0.039823055267333984,6.29425048828125e-05,16.08972454071045,13.91807246208191,30.00779700279236,2.17165207862854
142.250.197.74-192.168.2.55-443-13009-6,192.168.2.55,13009,142.250.197.74,443,6,2026-02-02 20:34:25,106044963,8,8,328,416,41,41,41.0,0.0,52,52,52.0,0.0,7.015891873431219,0.1508793951275531,15.142711775643486,0.050090469727983485,15.202316045761108,15.087700843811035,106.00062894821167,15.142946992601667,0.05029083741889031,15.201974153518677,15.08781385421753,105.99733591079712,15.142476558685303,0.04988818830957854,15.202316045761108,15.087700843811035,0,0,0,0,320,416,0.07543969756377655,0.07543969756377655,41,52,46.5,5.5,30.25,0,0,0,0,16,0,0,0,1.0,46.5,41.0,52.0,320,0,0,0,0,0,0,8,328,8,416,513,1044,8,41,0.0453011691570282,0.0014490212611722173,0.047627925872802734,0.04307889938354492,15.097507783344813,0.05009792370466594,15.157425165176392,15.04315185546875
192.168.2.55-35.186.224.35-9171-443-6,192.168.2.55,9171,35.186.224.35,443,6,2026-02-02 20:34:25,87844151,8,8,425,2034,75,40,53.125,16.94430213965745,460,40,254.25,181.49156316479286,27.99275730308719,0.18214075512378813,12.542543292045593,11.832355425649855,30.015124082565308,0.13112998008728027,87.84415102005005,12.549164431435722,11.828825098276644,30.015124082565308,0.1367640495300293,87.75145506858826,12.535922152655465,11.835880996073676,30.012394905090332,0.13112998008728027,3,5,0,0,320,320,0.09107037756189407,0.09107037756189407,40,460,153.6875,163.48077820878515,26725.96484375,0,0,0,8,16,0,0,0,1.0,153.6875,53.125,254.25,320,0,0,0,0,0,0,8,425,8,2034,511,1050,8,40,0.05024361610412598,0.013607771033526742,0.08634591102600098,0.03818702697753906,14.56532641251882,11.55165385448634,29.974207878112793,2.470460891723633
192.168.2.55-8.8.4.4-62571-443-17,192.168.2.55,62571,8.8.4.4,443,17,2026-02-02 20:34:26,160070,16,17,4253,5305,1278,61,265.8125,390.1801216665836,1278,50,312.05882352941177,362.7787318800515,59711.04198181076,206.15865091020666,0.008680320555163969,0.014854993203916185,0.04454493522644043,0.0,0.1503438949584961,0.010022926330566406,0.014618991986424372,0.04198098182678223,0.00011205673217773438,0.11874604225158691,0.007421627640724182,0.014963881171810932,0.04454493522644043,0.0,0,0,0,0,448,476,99.9557095322214,106.20294137798524,50,1278,289.6363636363636,377.02261150596377,142146.04958677688,0,0,0,0,0,0,0,0,1.0625,289.6363636363636,265.8125,312.05882352941177,448,0,0,0,0,0,0,16,4253,17,5305,-1,-1,16,50,0.006959604180377462,0.012139675597385527,0.04067087173461914,8.106231689453125e-05,0,0,0,0
14.238.122.124-192.168.2.55-443-13027-6,192.168.2.55,13027,14.238.122.124,443,6,2026-02-02 20:34:26,10056699,13,15,1560,5321,557,40,120.0,149.9748696897635,1438,40,354.73333333333335,472.86227264277375,684.2204705324029,2.784213511830734,0.7727173475118784,2.656819194990423,9.999722003936768,0.0,10.042654037475586,0.8368878364562988,2.7627019809303524,9.999722003936768,8.487701416015625e-05,10.047996997833252,0.7177140712738037,2.5613034909145855,9.952506065368652,0.0,5,7,0,0,532,612,1.2926705590642693,1.4915429527664648,40,1438,245.75,379.3845227093859,143932.61607142858,2,2,0,12,27,0,0,0,1.1538461538461537,245.75,120.0,354.73333333333335,532,0,0,0,0,0,0,13,1560,15,5321,64240,29200,13,40,0.005209696292877197,0.01064920876712687,0.04710197448730469,2.8848648071289062e-05,9.952506065368652,0,9.952506065368652,9.952506065368652
14.238.143.151-192.168.2.55-443-13028-6,192.168.2.55,13028,14.238.143.151,443,6,2026-02-02 20:34:26,90369632,41,116,2671,154311,557,40,65.14634146341463,91.48572085719962,1438,40,1330.2672413793102,357.06092780959955,1737.11009457373,1.737309276529001,1.1656365671465474,7.138853354660239,45.03652215003967,0.0,90.3335030078888,2.2583375751972197,9.809838003940166,45.02788996696472,0.00011301040649414062,90.34016489982605,0.7855666513028352,5.887061289132034,45.03652215003967,0.0,5,58,0,0,1652,4676,0.4536922314502487,1.2836170450787523,40,1438,999.8853503184713,636.5570105024229,405204.82761978183,0,2,0,63,156,0,0,0,2.8292682926829267,999.8853503184713,65.14634146341463,1330.2672413793102,1652,0,0,0,0,0,0,41,2671,116,154311,64240,21900,41,40,0.004805361429850261,0.01076993088233413,0.059942007064819336,2.47955322265625e-05,45.00461494922638,0.004279017448425293,45.008893966674805,45.000335931777954
192.168.2.55-192.168.3.255-57621-57621-17,192.168.2.55,57621,192.168.3.255,57621,17,2026-02-02 20:34:28,87538612,9,0,648,0,72,72,72.0,0.0,0,0,0,0,7.402447722813314,0.10281177392796269,10.94232651591301,11.310910956015768,30.009961128234863,0.0158231258392334,87.53861212730408,10.94232651591301,11.310910956015768,30.009961128234863,0.0158231258392334,0,0,0,0,0,0,0,0,0,252,0,0.10281177392796269,0.0,72,72,72.0,0.0,0.0,0,0,0,0,0,0,0,0,0.0,72.0,72.0,0,252,0,0,0,0,0,0,9,648,0,0,-1,-1,9,72,0.0158231258392334,0,0.0158231258392334,0.0158231258392334,12.503255571637835,11.25705924734091,30.009961128234863,3.011204957962036
14.238.143.173-192.168.2.55-443-12993-6,192.168.2.55,12993,14.238.143.173,443,6,2026-02-02 20:34:28,75798529,4,5,162,248,41,40,40.5,0.5,64,40,49.6,8.97997772825746,5.409075936010659,0.11873581322950227,21.646171740123204,19.504700185962374,45.04714798927307,0.0,75.76380205154419,25.254600683848064,18.79154459071127,45.04714798927307,0.00011992454528808594,75.75940012931824,18.93985003232956,19.59150245658727,45.041342973709106,0.0,0,1,0,0,160,224,0.05277147254644545,0.06596434068305682,40,64,45.55555555555556,8.084431006036109,65.35802469135803,2,0,0,1,9,0,0,0,1.25,45.55555555555556,40.5,49.6,160,0,0,0,0,0,0,4,162,5,248,513,21,4,40,0.021471834182739256,0.017563371538552305,0.039129018783569336,5.91278076171875e-05,37.845584988594055,7.162433981895447,45.0080189704895,30.68315100669861
1.1.1.1-192.168.2.55-53-49989-17,192.168.2.55,49989,1.1.1.1,53,17,2026-02-02 20:34:29,52152,1,1,64,144,64,64,64.0,0,144,144,144.0,0,3988.329776631831,38.349324775306066,0,0,0,0,0,0,0,0,0,0,0,0,0,0,0,0,0,0,28,28,19.174662387653033,19.174662387653033,64,144,104.0,40.0,1600.0,0,0,0,0,0,0,0,0,1.0,104.0,64.0,144.0,28,0,0,0,0,0,0,1,64,1,144,-1,-1,1,64,0.052152156829833984,0,0.052152156829833984,0.052152156829833984,0,0,0,0
1.1.1.1-192.168.2.55-53-64275-17,192.168.2.55,64275,1.1.1.1,53,17,2026-02-02 20:34:29,52002,1,1,64,188,64,64,64.0,0,188,188,188.0,0,4845.88296136001,38.4593885822223,0,0,0,0,0,0,0,0,0,0,0,0,0,0,0,0,0,0,28,28,19.22969429111115,19.22969429111115,64,188,126.0,62.0,3844.0,0,0,0,0,0,0,0,0,1.0,126.0,64.0,188.0,28,0,0,0,0,0,0,1,64,1,188,-1,-1,1,64,0.052002906799316406,0,0.052002906799316406,0.052002906799316406,0,0,0,0
192.168.2.55-224.0.0.251-5353-5353-17,192.168.2.55,5353,224.0.0.251,5353,17,2026-02-02 20:34:29,1,1,0,73,0,73,73,73.0,0,0,0,0,0,73000000.0,1000000.0,0,0,0,0,0,0,0,0,0,0,0,0,0,0,0,0,0,0,28,0,1000000.0,0.0,73,73,73.0,0,0,0,0,0,0,0,0,0,0,0.0,73.0,73.0,0,28,0,0,0,0,0,0,1,73,0,0,-1,-1,1,73,0,0,0,0,0,0,0,0
162.159.133.233-192.168.2.55-443-49167-17,192.168.2.55,49167,162.159.133.233,443,17,2026-02-02 20:34:29,244275,10,10,4967,4870,1278,71,496.7,539.4690074508451,1228,50,487.0,537.3788235500167,40270.17194435877,81.87490483756993,0.022308005226982966,0.03230804350079851,0.09958195686340332,0.0,0.24427509307861328,0.027141677008734807,0.0335793739903951,0.09802794456481934,9.918212890625e-05,0.15726900100708008,0.01747433344523112,0.030221122188375905,0.09958195686340332,0.0,0,0,0,0,280,280,40.937452418784964,40.937452418784964,50,1278,491.85,538.4467731354698,289924.92750000005,0,0,0,0,0,0,0,0,1.0,491.85,496.7,487.0,280,0,0,0,0,0,0,10,4967,10,4870,-1,-1,10,50,0.016285006205240884,0.0201077390206276,0.061618804931640625,9.918212890625e-05,0,0,0,0
192.168.2.55-239.255.255.250-58010-1900-17,192.168.2.55,58010,239.255.255.250,1900,17,2026-02-02 20:34:31,1,1,0,153,0,153,153,153.0,0,0,0,0,0,153000000.0,1000000.0,0,0,0,0,0,0,0,0,0,0,0,0,0,0,0,0,0,0,28,0,1000000.0,0.0,153,153,153.0,0,0,0,0,0,0,0,0,0,0,0.0,153.0,153.0,0,28,0,0,0,0,0,0,1,153,0,0,-1,-1,1,153,0,0,0,0,0,0,0,0
104.199.241.202-192.168.2.55-4070-9170-6,192.168.2.55,9170,104.199.241.202,4070,6,2026-02-02 20:34:31,82155660,9,9,395,2233,52,40,43.888888888888886,5.506449641495052,353,51,248.11111111111111,124.95194137875966,31.988057732405665,0.21909628583839497,10.255573377013206,17.94119744236356,56.74935293197632,0.02037501335144043,82.1556601524353,10.269457519054413,17.955560942859453,56.74935293197632,0.02037501335144043,81.933513879776,10.241689234972,17.926811680279492,56.667840003967285,0.15195798873901367,1,9,0,0,384,360,0.10954814291919748,0.10954814291919748,40,353,146.0,135.0863921101357,18248.333333333332,0,0,0,10,18,0,0,0,1.0,146.0,43.888888888888886,248.11111111111111,384,0,0,0,0,0,0,9,395,9,2233,510,11,9,40,0.07747932275136311,0.05938206577431696,0.15582895278930664,3.1948089599609375e-05,16.24518165588379,20.40359318042295,56.6161630153656,3.032849073410034
192.168.2.55-40.99.10.114-12770-443-6,192.168.2.55,12770,40.99.10.114,443,6,2026-02-02 20:34:32,90261624,3,3,123,156,41,41,41.0,0.0,52,52,52.0,0.0,3.091014623198274,0.06647343275695212,45.10930049419403,0.016892057912264672,45.12836289405823,45.08823108673096,90.22060799598694,45.11030399799347,0.012885212898254395,45.123189210891724,45.097418785095215,90.21659398078918,45.10829699039459,0.020065903663635254,45.12836289405823,45.08823108673096,0,0,0,0,120,156,0.03323671637847606,0.03323671637847606,41,52,46.5,5.5,30.25,0,0,0,0,6,0,0,0,1.0,46.5,41.0,52.0,120,0,0,0,0,0,0,3,123,3,156,511,251,3,41,0.045416673024495445,0.0037608083756871993,0.050203800201416016,0.0410161018371582,45.062687039375305,0.015472054481506348,45.07815909385681,45.0472149848938
192.168.2.55-40.99.33.146-12771-443-6,192.168.2.55,12771,40.99.33.146,443,6,2026-02-02 20:34:33,90156371,3,3,123,156,41,41,41.0,0.0,52,52,52.0,0.0,3.094623201122434,0.06655103658327816,45.05271673202515,0.00799878290991946,45.06238889694214,45.04044508934021,90.10803294181824,45.05401647090912,0.0020493268966674805,45.056065797805786,45.05196714401245,90.10283398628235,45.051416993141174,0.010971903800964355,45.06238889694214,45.04044508934021,0,0,0,0,120,156,0.03327551829163908,0.03327551829163908,41,52,46.5,5.5,30.25,0,0,0,0,6,0,0,0,1.0,46.5,41.0,52.0,120,0,0,0,0,0,0,3,123,3,156,513,16388,3,41,0.046597957611083984,0.006494857844292587,0.053537845611572266,0.037917137145996094,45.008288979530334,0.0057610273361206055,45.014050006866455,45.002527952194214
192.168.2.55-35.186.224.39-12799-443-6,192.168.2.55,12799,35.186.224.39,443,6,2026-02-02 20:34:40,90202884,8,8,492,480,83,40,61.5,21.5,80,40,60.0,20.0,10.775708655553096,0.17737792025601806,12.879324078559875,14.765591575206017,30.045646905899048,0.00011301040649414062,90.20288419723511,12.88612631389073,14.706593904212772,29.874392986297607,0.13362717628479004,90.10765290260315,12.872521843229022,14.824351329058235,30.045646905899048,0.00011301040649414062,4,4,0,0,320,320,0.08868896012800903,0.08868896012800903,40,83,60.75,20.777090749188154,431.6875,0,0,0,8,16,0,0,0,1.0,60.75,61.5,60.0,320,0,0,0,0,0,0,8,492,8,480,511,1044,8,40,0.04995044072469076,0.02816464302996571,0.1309218406677246,0.00011301040649414062,29.86782630284627,0.0046480860211552,29.874392986297607,29.864285945892334
192.168.2.55-35.186.224.39-12801-443-6,192.168.2.55,12801,35.186.224.39,443,6,2026-02-02 20:34:40,90200961,19,27,932,20579,83,40,49.05263157894737,17.530345672307252,1438,40,762.1851851851852,610.3487186019479,238.478611919197,0.5099723931143629,4.097512656992132,7.6746797104908175,29.93744707107544,0.0,90.20096111297607,5.011164506276448,8.185468205733367,29.794261932373047,0.0062580108642578125,90.08959579467773,3.4649844536414514,7.2328553271551295,29.93744707107544,0.0,4,23,0,0,760,1080,0.210640771068976,0.29933162204538694,40,1438,467.6304347826087,584.8737641092214,342077.31994328916,0,0,0,27,46,0,0,0,1.4210526315789473,467.6304347826087,49.05263157894737,762.1851851851852,760,0,0,0,0,0,0,19,932,27,20579,512,1043,19,40,0.07582844387401234,0.12903613726990196,0.7321341037750244,3.1948089599609375e-05,12.528374637876238,8.912507885112985,29.794261932373047,2.1449408531188965
192.168.2.55-8.8.4.4-61861-443-17,192.168.2.55,61861,8.8.4.4,443,17,2026-02-02 20:34:41,126757,9,11,3489,5486,1278,59,387.6666666666667,482.2263184669851,1278,50,498.72727272727275,470.74140573607946,70804.68722374158,157.7820328105662,0.009306232134501139,0.01731604710774779,0.04743599891662598,0.0,0.08703398704528809,0.01087924838066101,0.018610789807816913,0.04743599891662598,0.00012612342834472656,0.08047819137573242,0.008047819137573242,0.016095638297748748,0.04024100303649902,0.0,0,0,0,0,252,308,71.00191476475479,86.7801180458114,50,1278,448.75,479.14025869258785,229575.3875,0,0,0,0,0,0,0,0,1.2222222222222223,448.75,387.6666666666667,498.72727272727275,252,0,0,0,0,0,0,9,3489,11,5486,-1,-1,9,50,0.01152337681163441,0.018114247112748273,0.04537796974182129,0.00012612342834472656,0,0,0,0
192.168.2.55-8.8.8.8-50356-53-17,192.168.2.55,50356,8.8.8.8,53,17,2026-02-02 20:34:41,38101,1,1,56,132,56,56,56.0,0,132,132,132.0,0,4934.135647733886,52.49080476312644,0,0,0,0,0,0,0,0,0,0,0,0,0,0,0,0,0,0,28,28,26.24540238156322,26.24540238156322,56,132,94.0,38.0,1444.0,0,0,0,0,0,0,0,0,1.0,94.0,56.0,132.0,28,0,0,0,0,0,0,1,56,1,132,-1,-1,1,56,0.038101911544799805,0,0.038101911544799805,0.038101911544799805,0,0,0,0
192.168.2.55-8.8.8.8-50402-53-17,192.168.2.55,50402,8.8.8.8,53,17,2026-02-02 20:34:41,59248,1,1,56,88,56,56,56.0,0,88,88,88.0,0,2430.423873678111,33.75588713441821,0,0,0,0,0,0,0,0,0,0,0,0,0,0,0,0,0,0,28,28,16.877943567209105,16.877943567209105,56,88,72.0,16.0,256.0,0,0,0,0,0,0,0,0,1.0,72.0,56.0,88.0,28,0,0,0,0,0,0,1,56,1,88,-1,-1,1,56,0.059248924255371094,0,0.059248924255371094,0.059248924255371094,0,0,0,0
192.168.2.55-8.8.8.8-60931-443-17,192.168.2.55,60931,8.8.8.8,443,17,2026-02-02 20:34:41,123727,9,11,3486,5495,1278,59,387.3333333333333,482.3774455755576,1278,50,499.54545454545456,470.5904151626712,72587.17951860395,161.64609624452498,0.00915617412990994,0.016260712545858067,0.042550086975097656,0.0,0.0835261344909668,0.01044076681137085,0.017105199868121767,0.042550086975097656,0.00012803077697753906,0.08128499984741211,0.008128499984741211,0.015475556327352945,0.04093790054321289,0.0,0,0,0,0,252,308,72.74074331003625,88.90535293448875,50,1278,449.05,479.1935386667896,229626.4475,0,0,0,0,0,0,0,0,1.2222222222222223,449.05,387.3333333333333,499.54545454545456,252,0,0,0,0,0,0,9,3486,11,5495,-1,-1,9,50,0.009517467938936673,0.01644569784627697,0.0415949821472168,0.00011301040649414062,0,0,0,0
192.168.2.55-35.186.224.24-50312-443-17,192.168.2.55,50312,35.186.224.24,443,17,2026-02-02 20:34:41,357736,9,10,4380,4272,1278,59,486.6666666666667,498.21325197594297,1278,52,427.2,461.7754432621986,24185.37699380922,53.111669311416456,0.03584498517653521,0.03144092970067548,0.10401487350463867,0.0,0.29065990447998047,0.03633248805999756,0.030108035285170753,0.08028197288513184,0.00010800361633300781,0.31870484352111816,0.03541164928012424,0.032573853565875784,0.10401487350463867,0.0,0,0,0,0,252,280,25.158159147513057,27.9535101639034,52,1278,455.36842105263156,480.29949105535525,230687.60110803327,0,0,0,0,0,0,0,0,1.1111111111111112,455.36842105263156,486.6666666666667,427.2,252,0,0,0,0,0,0,9,4380,10,4272,-1,-1,9,52,0.022358551621437073,0.021052468826843397,0.0670769214630127,0.00010800361633300781,0,0,0,0
192.168.2.55-35.186.224.22-61112-443-17,192.168.2.55,61112,35.186.224.22,443,17,2026-02-02 20:34:41,228617,23,23,6024,5072,1278,59,261.9130434782609,365.98121988447514,1278,51,220.52173913043478,347.257061726201,48535.13080604405,201.209085893838,0.009201656688343395,0.016750919820698262,0.06069588661193848,0.0,0.22861790657043457,0.010391723025928844,0.016578507058004125,0.0528261661529541,9.584426879882812e-05,0.1762549877166748,0.008011590350757946,0.016837672571674598,0.06069588661193848,0.0,0,0,0,0,644,644,100.604542946919,100.604542946919,51,1278,241.2173913043478,357.34181134080177,127693.17013232515,0,0,0,0,0,0,0,0,1.0,241.2173913043478,261.9130434782609,220.52173913043478,644,0,0,0,0,0,0,23,6024,23,5072,-1,-1,23,51,0.00714430958032608,0.013873696836269546,0.05194902420043945,9.584426879882812e-05,0,0,0,0
192.168.2.55-35.186.224.35-9178-443-6,192.168.2.55,9178,35.186.224.35,443,6,2026-02-02 20:34:42,91793730,13,13,692,2359,83,40,53.23076923076923,19.846153846153847,453,40,181.46153846153845,164.84006952409982,33.23756391226342,0.2832437435984428,7.645282198985417,9.808822668946455,30.590115070343018,0.0371708869934082,91.79373097419739,7.649477581183116,9.78073495828066,30.469408988952637,0.13105297088623047,91.69304180145264,7.64108681678772,9.836828390039068,30.590115070343018,0.0371708869934082,4,9,0,0,520,520,0.1416218717992214,0.1416218717992214,40,453,117.34615384615384,133.7678650348294,17893.841715976334,0,0,0,13,26,0,0,0,1.0,117.34615384615384,53.23076923076923,181.46153846153845,520,0,0,0,0,0,0,13,692,13,2359,510,1044,13,40,0.08989298971075761,0.16744567197148838,0.7987148761749268,0.0371708869934082,15.014294028282166,9.068177567113203,30.469408988952637,2.5865700244903564
192.168.2.55-35.186.224.24-12298-443-6,192.168.2.55,12298,35.186.224.24,443,6,2026-02-02 20:34:45,88394092,8,8,2031,478,1438,40,253.875,450.1062201025442,135,40,59.75,31.051368729896595,28.384249907162932,0.18100757214611674,12.62107173034123,19.903241624375227,45.056451082229614,0.0,88.34894919395447,12.62127845627921,19.904635644706378,45.056451082229614,0.0,88.34605503082275,12.620865004403251,19.901847504252917,45.05428504943848,0.0,4,2,0,0,320,344,0.09050378607305837,0.09050378607305837,40,1438,156.8125,333.4681804066919,111201.02734375,0,0,0,6,16,0,0,0,1.0,156.8125,253.875,59.75,320,0,0,0,0,0,0,8,2031,8,478,512,854,8,40,0.03606075710720486,0.029203964910695292,0.09359598159790039,3.910064697265625e-05,44.034772634506226,0.9743695259094238,45.00914216041565,43.0604031085968
192.168.2.55-35.190.80.1-12941-443-6,192.168.2.55,12941,35.190.80.1,443,6,2026-02-02 20:34:45,24382123,3,3,121,205,41,40,40.333333333333336,0.4714045207910317,113,40,68.33333333333333,31.961782734314987,13.37045126612901,0.2460819251434787,12.178916990756989,12.129100832003175,24.332503080368042,0.049620866775512695,24.382123947143555,12.191061973571777,12.141441106796265,24.332503080368042,0.049620866775512695,24.3335440158844,12.1667720079422,12.116735816001892,24.283507823944092,0.05003619194030762,0,1,0,0,120,132,0.12304096257173935,0.12304096257173935,40,113,54.333333333333336,26.587382136812355,706.8888888888888,2,0,0,1,6,0,0,0,1.0,54.333333333333336,40.333333333333336,68.33333333333333,120,0,0,0,0,0,0,3,121,3,205,509,1044,3,40,0.024654030799865723,0.024404762428810976,0.0495760440826416,4.482269287109375e-05,24.283507823944092,0,24.283507823944092,24.283507823944092
142.250.199.196-192.168.2.55-443-60690-17,192.168.2.55,60690,142.250.199.196,443,17,2026-02-02 20:34:45,213886,7,8,2949,4223,1278,59,421.2857142857143,542.1883474233218,1278,52,527.875,518.3904024719208,33531.728420355656,70.13049725395075,0.023316071583674505,0.03375436470945236,0.1033029556274414,0.0,0.21388697624206543,0.035647829373677574,0.040554589723321224,0.1033029556274414,9.489059448242188e-05,0.08922195434570312,0.012745993477957589,0.021544223405979984,0.06372308731079102,0.0,0,0,0,0,196,224,32.727565385177016,37.402931868773734,52,1278,478.1333333333333,532.292008414763,283334.7822222222,0,0,0,0,0,0,0,0,1.1428571428571428,478.1333333333333,421.2857142857143,527.875,196,0,0,0,0,0,0,7,2949,8,4223,-1,-1,7,52,0.021388697624206542,0.02653600618524809,0.08906006813049316,9.489059448242188e-05,0,0,0,0
192.168.2.55-64.233.188.188-9407-5228-6,192.168.2.55,9407,64.233.188.188,5228,6,2026-02-02 20:34:48,57174499,4,4,188,210,66,40,47.0,10.977249200050075,66,40,52.5,9.205976319760984,6.961145267202406,0.1399225179337167,19.031254013379414,19.012998721931577,45.0856831073761,0.0075609683990478516,57.09488296508789,19.031627655029297,18.96297741210627,44.95974898338318,0.13535308837890625,57.0926411151886,19.030880371729534,19.062888768208108,45.0856831073761,0.0075609683990478516,1,1,0,0,160,184,0.06996125896685836,0.06996125896685836,40,66,49.75,10.497023387608508,110.1875,0,0,0,2,8,0,0,0,1.0,49.75,47.0,52.5,160,0,0,0,0,0,0,4,188,4,210,510,1047,4,40,0.05936579704284668,0.029185191866974405,0.08185887336730957,0.0075609683990478516,28.438835501670837,16.52091348171234,44.95974898338318,11.917922019958496
192.168.2.55-35.186.224.22-13000-443-6,192.168.2.55,13000,35.186.224.22,443,6,2026-02-02 20:34:53,34314486,3,2,121,92,41,40,40.333333333333336,0.4714045207910317,52,40,46.0,6.0,6.20729099173651,0.14571105614404953,22.86244265238444,16.13130275018149,34.272841930389404,0.04933595657348633,34.314486026763916,17.157243013381958,17.10790705680847,34.26515007019043,0.04933595657348633,34.272841930389404,34.272841930389404,0,34.272841930389404,34.272841930389404,0,0,0,0,120,92,0.08742663368642972,0.05828442245761981,40,52,42.6,4.715930449020639,22.240000000000002,2,0,0,0,5,0,0,0,0.6666666666666666,42.6,40.333333333333336,46.0,120,0,0,0,0,0,0,3,121,2,92,510,1046,3,40,0.030285358428955078,0.021557254706112458,0.049211978912353516,0.0001239776611328125,34.22362995147705,0,34.22362995147705,34.22362995147705
192.168.2.55-199.232.210.248-13005-443-6,192.168.2.55,13005,199.232.210.248,443,6,2026-02-02 20:34:54,33877135,3,4,121,196,41,40,40.333333333333336,0.4714045207910317,64,40,49.0,9.9498743710662,9.357343814372259,0.20662904321957667,13.54232964515686,16.567091635217228,33.83451318740845,0.0,33.877135038375854,16.938567519187927,16.892478585243225,33.83104610443115,0.04608893394470215,33.83451318740845,11.278171062469482,15.94974247530812,33.83451318740845,0.0,0,1,0,0,120,172,0.08855530423696144,0.11807373898261525,40,64,45.285714285714285,8.663788114317889,75.06122448979592,2,0,1,1,7,0,0,0,1.3333333333333333,45.285714285714285,40.333333333333336,49.0,120,0,0,0,0,0,0,3,121,4,196,513,297,3,40,0.029483636220296223,0.02071273804756335,0.045829057693481445,0.0002598762512207031,33.788684129714966,0,33.788684129714966,33.788684129714966
192.168.2.55-199.232.210.248-13004-443-6,192.168.2.55,13004,199.232.210.248,443,6,2026-02-02 20:34:54,33832698,3,4,121,196,41,40,40.333333333333336,0.4714045207910317,64,40,49.0,9.9498743710662,9.369633846462959,0.20690043194082244,13.524939775466919,16.54575523246713,33.79200005531311,0.0,33.832698822021484,16.916349411010742,16.870166540145874,33.786515951156616,0.046182870864868164,33.79200005531311,11.264000018437704,15.929701592645392,33.79200005531311,0.0,0,1,0,0,120,172,0.0886716136889239,0.11822881825189854,40,64,45.285714285714285,8.663788114317889,75.06122448979592,2,0,1,1,7,0,0,0,1.3333333333333333,45.285714285714285,40.333333333333336,49.0,120,0,0,0,0,0,0,3,121,4,196,513,293,3,40,0.028889258702596027,0.020399798277282617,0.04596900939941406,0.00021386146545410156,33.746031045913696,0,33.746031045913696,33.746031045913696
192.168.2.55-34.54.84.110-13031-443-6,192.168.2.55,13031,34.54.84.110,443,6,2026-02-02 20:34:54,408512,14,15,2698,5402,1438,40,192.71428571428572,356.4831049034899,1438,40,360.1333333333333,545.765378976066,19828.01858497619,70.98920234127279,0.028092366677743418,0.04412614349612237,0.16968202590942383,0.0,0.38878393173217773,0.029906456287090596,0.04420949119308062,0.16503691673278809,0.0,0.36970996856689453,0.026407854897635325,0.043981660164829926,0.16968202590942383,0.0,7,5,0,0,572,612,34.27064940613169,36.7185529351411,40,1438,279.3103448275862,471.6073105987925,222413.45541022593,2,2,0,12,28,0,0,0,1.0714285714285714,279.3103448275862,192.71428571428572,360.1333333333333,572,0,0,0,0,0,0,14,2698,15,5402,64240,65535,14,40,0.01945299193972633,0.03680947598593028,0.16479992866516113,6.508827209472656e-05,0,0,0,0
192.168.2.55-34.54.84.110-13032-443-6,192.168.2.55,13032,34.54.84.110,443,6,2026-02-02 20:34:55,48334326,50,72,7786,52539,1438,40,155.72,257.766564162228,1438,40,729.7083333333334,667.7231927623735,1248.077814595482,2.524086090023188,0.8052654683589935,4.212606817975987,28.04281711578369,0.0,48.33432602882385,0.9864148169147725,4.643253576370327,28.04281711578369,0.0,48.29753017425537,0.6802469038627517,3.8827511583813124,28.035088062286377,0.0,25,34,0,0,2012,2892,1.0344615123045853,1.4896245777186028,40,1438,494.4672131147541,608.3135406014883,370045.36367911857,2,2,0,59,121,0,0,0,1.44,494.4672131147541,155.72,729.7083333333334,2012,0,0,0,0,0,0,50,7786,72,52539,64240,65535,50,40,0.03051628224989947,0.09922952433662026,0.8279738426208496,1.6927719116210938e-05,22.8702210187912,5.124842047691345,27.995063066482544,17.745378971099854
192.168.2.55-199.232.210.248-13003-443-6,192.168.2.55,13003,199.232.210.248,443,6,2026-02-02 20:34:55,57698514,44,151,4056,203364,499,40,92.18181818181819,145.66435152701268,1438,40,1346.7814569536424,310.61201910280664,3594.8932172969967,3.3796363772679316,0.5976976001818564,3.708724425772846,32.38569498062134,0.0,57.69851493835449,1.3418259287989416,5.462915029708937,32.382169008255005,4.792213439941406e-05,57.657121896743774,0.3843808126449585,2.9896946343500006,32.38569498062134,0.0,5,72,0,0,1760,6052,0.7625846184604563,2.617051758807475,40,1438,1063.6923076923076,595.4173091136254,354521.77199211053,0,0,0,77,195,0,0,0,3.4318181818181817,1063.6923076923076,92.18181818181819,1346.7814569536424,1760,0,0,0,0,0,0,44,4056,151,203364,513,321,44,40,0.007964038848876953,0.03815948109235573,0.3337099552154541,2.09808349609375e-05,19.020463943481445,9.531660212400853,32.34081292152405,10.570024967193604
192.168.2.55-199.232.214.248-12964-443-6,192.168.2.55,12964,199.232.214.248,443,6,2026-02-02 20:34:56,46372891,20,116,2147,162008,713,40,107.35,201.88345028753594,1438,40,1396.6206896551723,223.73123713171998,3539.891373254012,2.9327478709911095,0.691830805878141,4.205635666528836,31.68030095100403,0.0,46.372891902923584,2.4406785212065043,7.619981377216649,31.677231073379517,6.508827209472656e-05,46.332436084747314,0.40289074856302015,3.229184478108424,31.68030095100403,0.0,2,24,0,0,800,4652,0.4312864516163396,2.50146141937477,40,1438,1207.0220588235295,507.1336328545287,257184.52157223187,0,0,0,26,136,0,0,0,5.8,1207.0220588235295,107.35,1396.6206896551723,800,0,0,0,0,0,0,20,2147,116,162008,1026,302,20,40,0.003980497519175212,0.011579365365819811,0.04347085952758789,1.6927719116210938e-05,23.114796996116638,8.522033095359802,31.63683009147644,14.592763900756836
192.168.2.55-4.213.25.241-8244-443-6,192.168.2.55,8244,4.213.25.241,443,6,2026-02-02 20:34:58,93010,1,1,41,52,41,41,41.0,0,52,52,52.0,0,999.8904727604565,21.50302091957971,0,0,0,0,0,0,0,0,0,0,0,0,0,0,0,0,0,0,40,52,10.751510459789856,10.751510459789856,41,52,46.5,5.5,30.25,0,0,0,0,2,0,0,0,1.0,46.5,41.0,52.0,40,0,0,0,0,0,0,1,41,1,52,510,7540,1,41,0.09301018714904785,0,0.09301018714904785,0.09301018714904785,0,0,0,0
118.69.17.161-192.168.2.55-443-13008-6,192.168.2.55,13008,118.69.17.161,443,6,2026-02-02 20:35:00,58571578,903,1754,56511,2464619,591,40,62.58139534883721,26.40031224524776,1438,40,1405.141961231471,152.83730413279352,43043.57309425242,45.363298882417276,0.04411588325787848,1.136560657680086,32.25888109207153,0.0,58.57157802581787,0.06493523062729253,1.3781547057765497,32.25888109207153,1.1920928955078125e-05,58.55609202384949,0.03340336110887022,0.9893556645968385,32.2579140663147,0.0,2,104,0,0,55408,70172,15.417033831698456,29.946265050718818,40,1438,948.8633797515995,648.111718127806,420048.79917457665,0,0,0,106,2657,0,0,0,1.9424141749723145,948.8633797515995,62.58139534883721,1405.141961231471,55408,0,0,0,0,0,0,903,56511,1754,2464619,16553,497,903,40,0.0003206281965342952,0.005634161664458113,0.17571520805358887,1.1920928955078125e-05,29.124513030052185,3.118981957435608,32.24349498748779,26.005531072616577
192.168.2.55-199.232.113.155-13018-443-6,192.168.2.55,13018,199.232.113.155,443,6,2026-02-02 20:35:01,45151130,2,2,82,104,41,41,41.0,0.0,52,52,52.0,0.0,4.119498209201823,0.0885913593376736,45.110437989234924,0.0006769895553588867,45.11111497879028,45.109760999679565,45.11111497879028,45.11111497879028,0,45.11111497879028,45.11111497879028,45.109760999679565,45.109760999679565,0,45.109760999679565,45.109760999679565,0,0,0,0,80,104,0.0442956796688368,0.0442956796688368,41,52,46.5,5.5,30.25,0,0,0,0,4,0,0,0,1.0,46.5,41.0,52.0,80,0,0,0,0,0,0,2,82,2,104,16481,298,2,41,0.04069221019744873,0.0006769895553588867,0.04136919975280762,0.040015220642089844,45.069745779037476,0,45.069745779037476,45.069745779037476
192.168.2.55-8.8.8.8-64596-53-17,192.168.2.55,64596,8.8.8.8,53,17,2026-02-02 20:35:07,41119,1,1,65,129,65,65,65.0,0,129,129,129.0,0,4718.002249718786,48.639198450709124,0,0,0,0,0,0,0,0,0,0,0,0,0,0,0,0,0,0,28,28,24.319599225354562,24.319599225354562,65,129,97.0,32.0,1024.0,0,0,0,0,0,0,0,0,1.0,97.0,65.0,129.0,28,0,0,0,0,0,0,1,65,1,129,-1,-1,1,65,0.04111909866333008,0,0.04111909866333008,0.04111909866333008,0,0,0,0
1.1.1.1-192.168.2.55-53-64596-17,192.168.2.55,64596,1.1.1.1,53,17,2026-02-02 20:35:07,46442,1,1,65,129,65,65,65.0,0,129,129,129.0,0,4177.250482566019,43.064437964598135,0,0,0,0,0,0,0,0,0,0,0,0,0,0,0,0,0,0,28,28,21.532218982299067,21.532218982299067,65,129,97.0,32.0,1024.0,0,0,0,0,0,0,0,0,1.0,97.0,65.0,129.0,28,0,0,0,0,0,0,1,65,1,129,-1,-1,1,65,0.04644203186035156,0,0.04644203186035156,0.04644203186035156,0,0,0,0
192.168.2.55-216.239.38.223-13033-443-6,192.168.2.55,13033,216.239.38.223,443,6,2026-02-02 20:35:07,5187288,14,12,5651,2004,1438,40,403.64285714285717,562.6236508084063,1258,40,167.0,334.08905998251424,1475.722946612785,5.012252986535913,0.4307607114315033,0.4885276510050123,1.0524461269378662,0.0,5.187288045883179,0.3990221573756291,0.47919077826547957,1.0524461269378662,0.0,5.1509690284729,0.46826991167935456,0.496729416623724,1.0498838424682617,0.0,2,3,0,0,572,540,2.6989054542885684,2.3133475322473442,40,1438,294.4230769230769,485.6742476723169,235879.474852071,2,2,0,5,25,0,0,0,0.8571428571428571,294.4230769230769,403.64285714285717,167.0,572,0,0,0,0,0,0,14,5651,12,2004,64240,65535,14,40,0.07256181538105011,0.19596975640574749,0.8285298347473145,6.699562072753906e-05,1.0065747499465942,0.004501516471217419,1.0137059688568115,1.0013558864593506
192.168.2.55-8.8.8.8-64882-53-17,192.168.2.55,64882,8.8.8.8,53,17,2026-02-02 20:35:10,41790,1,1,79,287,79,79,79.0,0,287,287,287.0,0,8758.07430397079,47.85832952989502,0,0,0,0,0,0,0,0,0,0,0,0,0,0,0,0,0,0,28,28,23.92916476494751,23.92916476494751,79,287,183.0,104.0,10816.0,0,0,0,0,0,0,0,0,1.0,183.0,79.0,287.0,28,0,0,0,0,0,0,1,79,1,287,-1,-1,1,79,0.041790008544921875,0,0.041790008544921875,0.041790008544921875,0,0,0,0
1.1.1.1-192.168.2.55-53-64882-17,192.168.2.55,64882,1.1.1.1,53,17,2026-02-02 20:35:10,40068,1,1,79,239,79,79,79.0,0,239,239,239.0,0,7936.3366396725,49.914066916179245,0,0,0,0,0,0,0,0,0,0,0,0,0,0,0,0,0,0,28,28,24.957033458089622,24.957033458089622,79,239,159.0,80.0,6400.0,0,0,0,0,0,0,0,0,1.0,159.0,79.0,239.0,28,0,0,0,0,0,0,1,79,1,239,-1,-1,1,79,0.040068864822387695,0,0.040068864822387695,0.040068864822387695,0,0,0,0
142.250.198.170-192.168.2.55-443-13034-6,192.168.2.55,13034,142.250.198.170,443,6,2026-02-02 20:35:10,5234147,12,12,1764,2755,728,40,147.0,236.73191588799344,1438,40,229.58333333333334,397.7596548866608,863.3688202581016,4.585273663685426,0.4740440845489502,0.49824644006449853,1.1978280544281006,0.0,5.234147787094116,0.47583161700855603,0.4833597022879332,1.1978280544281006,0.0003590583801269531,5.194822072982788,0.47225655208934436,0.5126948778107931,1.1960680484771729,0.0,2,3,0,0,492,540,2.292636831842713,2.292636831842713,40,1438,188.29166666666666,329.8975193357611,108832.37326388888,2,2,0,5,23,0,0,0,1.0,188.29166666666666,147.0,229.58333333333334,492,0,0,0,0,0,0,12,1764,12,2755,64240,65535,12,40,0.10385415428563168,0.22207164222484463,0.8965799808502197,5.3882598876953125e-05,1.086972951889038,0.04179542643049077,1.1454319953918457,1.0501809120178223
192.168.2.55-35.215.189.119-64883-50004-17,192.168.2.55,64883,35.215.189.119,50004,17,2026-02-02 20:35:10,60084512,48,1981,2814,402171,102,36,58.625,18.7223407101427,371,36,203.01413427561837,86.60397311692282,6740.256018116039,33.76910122784163,0.058924043831357124,0.24673765398231542,3.022307872772217,0.0,59.40094494819641,1.2638498925148172,0.8570054984922117,3.022307872772217,0.029268980026245117,60.03809189796448,0.030322268635335596,0.09802752016936257,0.9089329242706299,0.0,0,0,0,0,1344,55468,0.7988747456561844,32.970226482185446,36,371,199.59832429768358,88.38917047925135,7812.645458010159,0,0,0,0,0,0,0,0,41.270833333333336,199.59832429768358,58.625,203.01413427561837,1344,0,0,0,0,0,0,48,2814,1981,402171,-1,-1,48,36,0.0339460525135536,0.09504270616851168,0.9089329242706299,7.796287536621094e-05,0,0,0,0
104.26.7.21-192.168.2.55-443-63457-17,192.168.2.55,63457,104.26.7.21,443,17,2026-02-02 20:35:11,1230412,14,13,7772,6016,1278,71,555.1428571428571,547.0866811892736,1228,51,462.7692307692308,484.10490818641523,11205.993798546948,21.943852085927446,0.09680124282836915,0.18486737944740902,0.7198538780212402,0.0,1.2304129600524902,0.09464715077326848,0.17318423487245707,0.6452591419219971,4.9114227294921875e-05,1.1896181106567383,0.0991348425547282,0.19671614494184897,0.7198538780212402,0.0,0,0,0,0,392,364,11.3782936741846,10.565558411742844,51,1278,510.6666666666667,519.7727423631444,270163.70370370365,0,0,0,0,0,0,0,0,0.9285714285714286,510.6666666666667,555.1428571428571,462.7692307692308,392,0,0,0,0,0,0,14,7772,13,6016,-1,-1,14,51,0.05592786182056774,0.1365319553351981,0.6452591419219971,4.9114227294921875e-05,0,0,0,0
162.159.129.232-192.168.2.55-443-54388-17,192.168.2.55,54388,162.159.129.232,443,17,2026-02-02 20:35:20,42220829,174,1124,20645,1354856,1278,71,118.64942528735632,207.1945281605422,1228,52,1205.3879003558718,148.0242864903093,32578.729531918878,30.743119003498144,0.06511491426715145,1.1641261947560475,26.231523036956787,0.0,42.22082996368408,0.24405104025250915,2.241494009289534,26.213293075561523,4.291534423828125e-05,42.16809892654419,0.03754950928454514,0.8855877920798262,26.231523036956787,0.0,0,0,0,0,4872,31472,4.121188525892664,26.62193047760548,52,1278,1059.7080123266564,402.2711317426238,161822.0634334914,0,0,0,0,0,0,0,0,6.459770114942529,1059.7080123266564,118.64942528735632,1205.3879003558718,4872,0,0,0,0,0,0,174,20645,1124,1354856,-1,-1,174,52,0.008221370004089583,0.052766126362760006,0.6272110939025879,2.86102294921875e-06,20.012924551963806,6.174456477165222,26.18738102912903,13.838468074798584
192.168.2.55-35.186.224.22-59659-443-17,192.168.2.55,59659,35.186.224.22,443,17,2026-02-02 20:35:21,42453060,197,258,50771,149181,1278,59,257.7208121827411,362.1079826373559,1278,51,578.2209302325581,556.6368223222626,4709.954851876275,10.717719540708295,0.1872169908308825,0.7486676307535248,5.209871053695679,0.0,42.40399503707886,0.21634691345448398,0.7994964249087225,5.209871053695679,4.1961669921875e-05,42.40530180931091,0.16500117435529538,0.7066462524821197,5.1795501708984375,0.0,0,0,0,0,5516,7224,4.640419229713262,6.077300310995033,51,1278,439.45494505494503,507.62405147942076,257682.17764038162,0,0,0,0,0,0,0,0,1.3096446700507614,439.45494505494503,257.7208121827411,578.2209302325581,5516,0,0,0,0,0,0,197,50771,258,149181,-1,-1,197,51,0.022676416564595597,0.07472429093314854,0.824333906173706,4.100799560546875e-05,3.4448285818099977,0.9930476459588754,5.132747173309326,2.0621888637542725
192.168.2.55-8.8.4.4-55215-443-17,192.168.2.55,55215,8.8.4.4,443,17,2026-02-02 20:35:28,17647078,27,37,6011,10965,1278,59,222.62962962962962,309.98556097175555,1278,50,296.35135135135135,351.04833086952846,961.9722859589007,3.6266627180354405,0.5679614351641747,2.327657412809813,12.612377166748047,0.0,17.607372045516968,0.677206617135268,2.525651392668943,12.608587980270386,0.0001361370086669922,17.606236934661865,0.4890621370739407,2.170055876333732,12.612377166748047,0.0,0,0,0,0,756,1036,1.5299983341712016,2.096664383864239,50,1278,265.25,336.3170472188408,113109.15625,0,0,0,0,0,0,0,0,1.3703703703703705,265.25,222.62962962962962,296.35135135135135,756,0,0,0,0,0,0,27,6011,37,10965,-1,-1,27,50,0.01801932689755462,0.055681902577204394,0.36441898345947266,1.1920928955078125e-05,8.436123490333557,4.131025671958923,12.56714916229248,4.305097818374634
192.168.2.55-35.186.224.24-52953-443-17,192.168.2.55,52953,35.186.224.24,443,17,2026-02-02 20:35:28,25348284,18,22,5163,8374,1278,59,286.8333333333333,403.81888817196807,1278,52,380.6363636363636,489.9728698847932,534.0400749586057,1.5780160300173027,1.3308973688828318,3.801701390991505,13.97773289680481,0.0,25.27622699737549,1.486836882198558,3.9897744017190466,13.972841024398804,0.00011205673217773438,25.29787302017212,1.2046606200081962,3.637452891024051,13.97773289680481,0.0,0,0,0,0,504,616,0.7101072135077863,0.8679088165095166,52,1278,338.425,455.6308751335888,207599.494375,0,0,0,0,0,0,0,0,1.2222222222222223,338.425,286.8333333333333,380.6363636363636,504,0,0,0,0,0,0,18,5163,22,8374,-1,-1,18,52,0.02757091075181961,0.02494054846485501,0.07205796241760254,0.00011205673217773438,12.233007907867432,1.6743810176849365,13.907388925552368,10.558626890182495
192.168.2.55-35.186.224.24-65467-443-17,192.168.2.55,65467,35.186.224.24,443,17,2026-02-02 20:35:28,36214468,42,60,8740,46641,1278,59,208.0952380952381,319.5307429522392,1278,52,777.35,559.5132654072347,1529.2506447435894,2.8165537957755573,0.7237924599647522,2.504203601942607,13.880795955657959,0.0,36.21446895599365,0.8832797306339916,2.739031859710472,13.8753080368042,6.699562072753906e-05,36.16477704048157,0.6129623227200266,2.320658336311594,13.880795955657959,0.0,0,0,0,0,1176,1680,1.159757445319347,1.65679635045621,52,1278,542.9509803921569,551.9792085003618,304681.04661668587,0,0,0,0,0,0,0,0,1.4285714285714286,542.9509803921569,208.0952380952381,777.35,1176,0,0,0,0,0,0,42,8740,60,46641,-1,-1,42,52,0.03339628434517014,0.05112629109922784,0.31282711029052734,6.699562072753906e-05,6.768666553497314,4.606027168160002,13.80769395828247,1.9109859466552734
118.69.17.154-192.168.2.55-443-13035-6,192.168.2.55,13035,118.69.17.154,443,6,2026-02-02 20:35:28,22129788,61,289,6432,362329,1424,40,105.44262295081967,200.07789668192012,1438,40,1253.7335640138408,442.1406893958955,16663.557075636036,15.815785770384105,0.12715365489323935,1.100234450108763,13.79444408416748,0.0,22.129788875579834,0.36882981459299724,1.8478706635426458,13.77329683303833,0.0,22.119683027267456,0.07680445495578977,0.8582674342294151,13.79444408416748,0.0,21,69,0,0,2464,11584,2.7564655199812296,13.059320250402875,40,1438,1053.6028571428571,598.4566765490401,358150.3937061225,0,3,0,90,349,0,0,0,4.737704918032787,1053.6028571428571,105.44262295081967,1253.7335640138408,2464,0,0,0,0,0,0,61,6432,289,362329,64240,64240,61,40,0.017970403822341767,0.0665430213723012,0.39823293685913086,2.5033950805664062e-05,6.7715926965077715,4.997760478110866,13.77329683303833,2.4349660873413086
192.168.2.55-8.8.8.8-51694-443-17,192.168.2.55,51694,8.8.8.8,443,17,2026-02-02 20:35:28,4919704,17,22,4712,7628,1278,59,277.1764705882353,375.0441911678139,1278,51,346.72727272727275,400.66855286657864,2508.280519965894,7.927304722744723,0.26472486032022013,1.0824051945123632,4.797638893127441,0.0,4.919704914093018,0.3074815571308136,1.156792725162871,4.787319898605347,7.891654968261719e-05,4.875114917755127,0.2321483294169108,1.0209004112967173,4.797638893127441,0.0,0,0,0,0,476,616,3.455491802222059,4.471812920522664,51,1278,316.4102564102564,391.2292735854395,153060.34451019065,0,0,0,0,0,0,0,0,1.2941176470588236,316.4102564102564,277.1764705882353,346.72727272727275,476,0,0,0,0,0,0,17,4712,22,7628,-1,-1,17,51,0.0063119641056767215,0.01269791373947551,0.048187971115112305,7.605552673339844e-05,4.749281883239746,0,4.749281883239746,4.749281883239746
192.168.2.55-35.186.224.24-56236-443-17,192.168.2.55,56236,35.186.224.24,443,17,2026-02-02 20:35:28,31691019,19,19,10913,5665,1278,59,574.3684210526316,548.6756505706135,1278,52,298.1578947368421,442.3089255210298,523.1135032149136,1.1990778816604366,1.7589092188411288,6.611764948753891,29.00800609588623,0.0,31.670856952667236,1.7594920529259577,6.61484231058534,29.00800609588623,3.886222839355469e-05,31.649874925613403,1.7583263847563002,6.608686102535052,28.980669021606445,0.0,0,0,0,0,532,532,0.5995389408302183,0.5995389408302183,52,1278,436.2631578947368,517.121012214973,267414.14127423824,0,0,0,0,0,0,0,0,1.0,436.2631578947368,574.3684210526316,298.1578947368421,532,0,0,0,0,0,0,19,10913,19,5665,-1,-1,19,52,0.04544420102063347,0.07752783600437725,0.39055490493774414,3.886222839355469e-05,15.072958111763,13.868951916694641,28.94191002845764,1.2040061950683594
118.69.17.168-192.168.2.55-443-13036-6,192.168.2.55,13036,118.69.17.168,443,6,2026-02-02 20:35:28,14206963,9,11,2458,4719,1424,40,273.1111111111111,449.66862970771035,1438,40,429.0,531.4484495653878,505.17481945539595,1.4077603997642356,1.577030168639289,3.2490309888626454,10.013535022735596,0.0,14.192600011825562,1.7740750014781952,3.3939443276285126,10.013535022735596,0.0,14.19394302368164,1.419394302368164,3.119321621983592,10.013516187667847,0.0,2,6,0,0,372,452,0.633492179893906,0.7742682198703297,40,1438,358.85,502.34054932883924,252346.0275,2,2,0,8,19,0,0,0,1.2222222222222223,358.85,273.1111111111111,429.0,372,0,0,0,0,0,0,9,2458,11,4719,64240,64240,9,40,0.006336307525634766,0.007541935170252244,0.019766807556152344,4.315376281738281e-05,7.071799993515015,2.9416730403900146,10.01347303390503,4.130126953125
1.1.1.1-192.168.2.55-53-52089-17,192.168.2.55,52089,1.1.1.1,53,17,2026-02-02 20:35:28,44000,1,1,55,312,55,55,55.0,0,312,312,312.0,0,8340.745303517147,45.45365288020243,0,0,0,0,0,0,0,0,0,0,0,0,0,0,0,0,0,0,28,28,22.726826440101217,22.726826440101217,55,312,183.5,128.5,16512.25,0,0,0,0,0,0,0,0,1.0,183.5,55.0,312.0,28,0,0,0,0,0,0,1,55,1,312,-1,-1,1,55,0.044000864028930664,0,0.044000864028930664,0.044000864028930664,0,0,0,0
1.1.1.1-192.168.2.55-53-59128-17,192.168.2.55,59128,1.1.1.1,53,17,2026-02-02 20:35:28,47072,1,1,55,354,55,55,55.0,0,354,354,354.0,0,8688.653329146366,42.48730234301401,0,0,0,0,0,0,0,0,0,0,0,0,0,0,0,0,0,0,28,28,21.243651171507004,21.243651171507004,55,354,204.5,149.5,22350.25,0,0,0,0,0,0,0,0,1.0,204.5,55.0,354.0,28,0,0,0,0,0,0,1,55,1,354,-1,-1,1,55,0.0470728874206543,0,0.0470728874206543,0.0470728874206543,0,0,0,0
192.168.2.55-239.255.255.250-58983-1900-17,192.168.2.55,58983,239.255.255.250,1900,17,2026-02-02 20:35:31,3010499,4,0,792,0,198,198,198.0,0.0,0,0,0,0,263.0792267207478,1.3286829632361001,1.003499984741211,0.003992266304359473,1.009131908416748,1.0003399848937988,3.010499954223633,1.003499984741211,0.003992266304359473,1.009131908416748,1.0003399848937988,0,0,0,0,0,0,0,0,0,112,0,1.3286829632361001,0.0,198,198,198.0,0.0,0.0,0,0,0,0,0,0,0,0,0.0,198.0,198.0,0,112,0,0,0,0,0,0,4,792,0,0,-1,-1,4,198,0,0,0,0,1.003499984741211,0.003992266304359473,1.009131908416748,1.0003399848937988
192.168.2.55-35.186.224.22-55031-443-17,192.168.2.55,55031,35.186.224.22,443,17,2026-02-02 20:35:32,40221199,76,58,57082,7434,1278,59,751.078947368421,565.5141061844777,1278,51,128.17241379310346,233.16459614223942,1604.0297160982986,3.331576383488933,0.6085985158429001,1.7644911542877182,9.04215407371521,0.0,40.15418314933777,0.535389108657837,1.6692109953479661,9.03521990776062,3.1948089599609375e-05,40.18082094192505,0.7049266831916675,1.8781843159464644,9.04215407371521,0.0,0,0,0,0,2128,1624,1.889550784665365,1.442025598823568,51,1278,481.46268656716416,547.874858474092,300166.86054800625,0,0,0,0,0,0,0,0,0.7631578947368421,481.46268656716416,751.078947368421,128.17241379310346,2128,0,0,0,0,0,0,76,57082,58,7434,-1,-1,76,51,0.023580995765892235,0.026152697024168996,0.09305596351623535,3.1948089599609375e-05,4.178189939922756,2.747331378999656,8.970575094223022,1.5847969055175781
192.168.2.55-8.8.4.4-55703-443-17,192.168.2.55,55703,8.8.4.4,443,17,2026-02-02 20:35:38,11192972,34,35,5187,9364,1278,61,152.55882352941177,211.39511252300966,1278,50,267.54285714285714,311.7169359583552,1300.0120818635912,6.164582066427585,0.3331216235659016,1.2683276173895548,6.020116090774536,0.0,11.170249938964844,0.338492422392874,1.2734572883692135,6.005699872970581,8.678436279296875e-05,11.148898839950562,0.32790878941031065,1.2633070647836109,6.020116090774536,0.0,0,0,0,0,952,980,3.0376201486744625,3.1269619177531234,50,1278,210.8840579710145,273.153061950801,74612.5952530981,0,0,0,0,0,0,0,0,1.0294117647058822,210.8840579710145,152.55882352941177,267.54285714285714,952,0,0,0,0,0,0,34,5187,35,9364,-1,-1,34,50,0.013561402426825629,0.02145442687832269,0.10878992080688477,8.678436279296875e-05,5.2913548946380615,0.6874949932098389,5.9788498878479,4.603859901428223
192.168.2.55-49.213.95.187-13037-443-6,192.168.2.55,13037,49.213.95.187,443,6,2026-02-02 20:35:38,35147330,21,36,2522,31180,583,40,120.0952380952381,156.78523520192923,1438,40,866.1111111111111,634.5939111737249,958.8779561969346,1.6217448075255259,1.2776517261158336,5.650142576788079,30.00142788887024,0.0,35.13097095489502,1.7565485477447509,6.5666739862976105,30.00142788887024,5.698204040527344e-05,35.13987398147583,1.003996399470738,5.031881417825787,29.952970027923584,0.0,8,12,0,0,852,1452,0.5974849290883517,1.0242598784371744,40,1438,591.2631578947369,626.8163369134588,392898.7202216067,2,2,0,20,56,0,0,0,1.7142857142857142,591.2631578947369,120.0952380952381,866.1111111111111,852,0,0,0,0,0,0,21,2522,36,31180,64240,42340,21,40,0.008836305502689245,0.01795497228284344,0.07984304428100586,1.5974044799804688e-05,17.427865982055664,12.52510404586792,29.952970027923584,4.902761936187744
192.168.2.55-49.213.95.122-13038-443-6,192.168.2.55,13038,49.213.95.122,443,6,2026-02-02 20:35:38,34874228,17,25,2465,16007,590,40,145.0,173.89719748781937,1340,40,640.28,581.333055657426,529.6748074153942,1.2043277344871457,1.7429621517658234,6.506215765858577,29.758148908615112,0.0,34.86667203903198,2.179167002439499,7.2091449899329705,29.75814700126648,0.00012493133544921875,34.85181403160095,1.452158917983373,5.974290085634853,29.758148908615112,0.0,7,10,0,0,692,1004,0.4874659877686066,0.7168617467185391,40,1340,439.8095238095238,522.0156099698113,272500.2970521542,2,2,0,17,41,0,0,0,1.4705882352941178,439.8095238095238,145.0,640.28,692,0,0,0,0,0,0,17,2465,25,16007,64240,29200,17,40,0.017799368611088506,0.04333262903466397,0.22261714935302734,4.8160552978515625e-05,17.19682252407074,12.561276316642761,29.7580988407135,4.6355462074279785
192.168.2.55-49.213.95.122-13039-443-6,192.168.2.55,13039,49.213.95.122,443,6,2026-02-02 20:35:38,30158769,12,13,1776,3948,571,40,148.0,189.4166483355322,1438,40,303.6923076923077,448.7777220261521,189.7955442144351,0.8289462972328576,2.621187572893889,8.450928826110552,30.005282878875732,0.0,30.150463104248047,2.740951191295277,8.621755365426166,30.005282878875732,0.0002300739288330078,30.1368510723114,2.51140425602595,8.289726714789374,30.005246877670288,0.0,5,7,0,0,492,532,0.39789422267177166,0.43105207456108596,40,1438,228.96,357.7720480976679,128000.83839999998,2,2,0,12,24,0,0,0,1.0833333333333333,228.96,148.0,303.6923076923077,492,0,0,0,0,0,0,12,1776,13,3948,64240,42340,12,40,0.008531345261467827,0.01432914355562814,0.05553102493286133,4.1961669921875e-05,30.005204916000366,0,30.005204916000366,30.005204916000366
192.168.2.55-8.8.4.4-49437-443-17,192.168.2.55,49437,8.8.4.4,443,17,2026-02-02 20:35:41,124347,9,9,3422,3876,1278,61,380.22222222222223,485.83737054418117,1278,50,430.6666666666667,420.78550883371025,58690.163016989645,144.75512939241074,0.010479003190994263,0.015948083152032805,0.04164886474609375,0.0,0.08354306221008301,0.010442882776260376,0.015228536803517951,0.040760040283203125,0.00015783309936523438,0.0841209888458252,0.01051512360572815,0.016636459055444558,0.04164886474609375,0.0,0,0,0,0,252,252,72.37756469620537,72.37756469620537,50,1278,405.44444444444446,455.17618349897367,207185.35802469138,0,0,0,0,0,0,0,0,1.0,405.44444444444446,380.22222222222223,430.6666666666667,252,0,0,0,0,0,0,9,3422,9,3876,-1,-1,9,50,0.009565225014319787,0.014814997082056646,0.04080486297607422,0.00014400482177734375,0,0,0,0
192.168.2.55-49.213.95.184-13040-443-6,192.168.2.55,13040,49.213.95.184,443,6,2026-02-02 20:35:41,30090913,13,16,1508,5208,557,40,116.0,144.59758482928245,1438,40,325.5,463.0313164355085,223.19030290656548,0.9637460965292435,2.2285115983751087,7.843709376519528,29.96948504447937,0.0,30.090840101242065,2.5075700084368386,8.274468755442964,29.950791120529175,0.0001881122589111328,30.078973054885864,2.0052648703257243,7.473767034336396,29.96948504447937,0.0,5,7,0,0,532,652,0.43202411223724707,0.5317219842919964,40,1438,231.58620689655172,372.17798089747697,138516.4494649227,3,2,0,12,28,0,0,0,1.2307692307692308,231.58620689655172,116.0,325.5,532,0,0,0,0,0,0,13,1508,16,5208,64240,42340,13,40,0.007379582053736637,0.013314117346556138,0.05823183059692383,6.508827209472656e-05,29.950700998306274,0,29.950700998306274,29.950700998306274
192.168.2.55-199.232.214.248-13042-443-6,192.168.2.55,13042,199.232.214.248,443,6,2026-02-02 20:35:45,265145,44,182,4529,253171,1438,40,102.93181818181819,244.28517218865264,1438,40,1391.0494505494505,240.6532382311252,971920.7919438827,852.3635971257954,0.002158325697694506,0.0077026254753702035,0.0531158447265625,0.0,0.26514506340026855,0.006166164265122525,0.012343029136209514,0.05227804183959961,0.0,0.21831989288330078,0.0012061872534988994,0.005701683719976923,0.0531158447265625,0.0,3,83,0,0,1772,7292,165.9468950156416,686.4167021101539,40,1438,1140.2654867256638,564.2725682564322,318403.53128670994,0,2,0,86,225,0,0,0,4.136363636363637,1140.2654867256638,102.93181818181819,1391.0494505494505,1772,0,0,0,0,0,0,44,4529,182,253171,64240,65535,44,40,0.003156488850003197,0.00927355188243987,0.052217960357666016,1.811981201171875e-05,0,0,0,0
192.168.2.55-199.232.214.250-13043-443-6,192.168.2.55,13043,199.232.214.250,443,6,2026-02-02 20:35:45,175800,14,47,3411,52731,1438,40,243.64285714285714,384.5657304290232,1438,40,1121.936170212766,572.850929487873,319351.38130544283,346.9850425640699,0.004747681698556674,0.012825850164255248,0.0525507926940918,0.0,0.14220309257507324,0.010938699428851787,0.017468438550042653,0.05035114288330078,0.0,0.1379101276397705,0.0029980462530384893,0.010529102117054929,0.0525507926940918,0.0,6,21,0,0,572,1892,79.63591140814718,267.3491311559227,40,1438,920.360655737705,650.5344595347682,423195.083042193,0,2,0,27,60,0,0,0,3.357142857142857,920.360655737705,243.64285714285714,1121.936170212766,572,0,0,0,0,0,0,14,3411,47,52731,64240,65535,14,40,0.009252636056197317,0.016231243622627994,0.050276994705200195,4.696846008300781e-05,0,0,0,0
1.1.1.1-192.168.2.55-53-53774-17,192.168.2.55,53774,1.1.1.1,53,17,2026-02-02 20:35:47,47116,1,1,66,146,66,66,66.0,0,146,146,146.0,0,4499.52913434437,42.44838805985255,0,0,0,0,0,0,0,0,0,0,0,0,0,0,0,0,0,0,28,28,21.224194029926274,21.224194029926274,66,146,106.0,40.0,1600.0,0,0,0,0,0,0,0,0,1.0,106.0,66.0,146.0,28,0,0,0,0,0,0,1,66,1,146,-1,-1,1,66,0.04711604118347168,0,0.04711604118347168,0.04711604118347168,0,0,0,0
1.1.1.1-192.168.2.55-53-55958-17,192.168.2.55,55958,1.1.1.1,53,17,2026-02-02 20:35:47,46860,1,1,66,115,66,66,66.0,0,115,115,115.0,0,3862.492426824863,42.6794743295565,0,0,0,0,0,0,0,0,0,0,0,0,0,0,0,0,0,0,28,28,21.33973716477825,21.33973716477825,66,115,90.5,24.5,600.25,0,0,0,0,0,0,0,0,1.0,90.5,66.0,115.0,28,0,0,0,0,0,0,1,66,1,115,-1,-1,1,66,0.04686093330383301,0,0.04686093330383301,0.04686093330383301,0,0,0,0
192.168.2.55-42.119.185.88-13044-443-6,192.168.2.55,13044,42.119.185.88,443,6,2026-02-02 20:35:49,88251,13,40,1627,42949,670,40,125.15384615384616,170.84038711564216,1438,40,1073.725,571.0848442876068,505104.106161793,600.5589919816724,0.003298198475557215,0.006587137514126967,0.02898097038269043,0.0,0.08825111389160156,0.007354259490966797,0.00886839218248208,0.02898097038269043,0.0001049041748046875,0.0799570083618164,0.0020501797015850362,0.005091382357819846,0.0189821720123291,0.0,5,14,0,0,544,1612,147.30692256154228,453.2520694201301,40,1438,841.0566037735849,647.9727578449733,419868.6949092204,0,2,0,19,52,0,0,0,3.076923076923077,841.0566037735849,125.15384615384616,1073.725,544,0,0,0,0,0,0,13,1627,40,42949,64240,64240,13,40,0.004412555694580078,0.006314959049800204,0.0189821720123291,2.5033950805664062e-05,0,0,0,0
192.168.2.55-34.54.84.110-13045-443-6,192.168.2.55,13045,34.54.84.110,443,6,2026-02-02 20:35:55,736078,24,32,4493,21046,1438,40,187.20833333333334,312.0396581588451,1438,40,657.6875,658.3576838191759,34696.00515395297,76.07879277267575,0.026527409200315124,0.060248170147797174,0.320537805557251,0.0,0.7360789775848389,0.032003433808036476,0.061315651162461106,0.2715790271759033,0.0,0.6964011192321777,0.022464552233296055,0.05911690198111754,0.320537805557251,0.0,13,14,0,0,984,1304,32.60519690257532,43.47359587010043,40,1438,456.05357142857144,586.1866907528832,343614.8364158164,2,2,0,27,55,0,0,0,1.3333333333333333,456.05357142857144,187.20833333333334,657.6875,984,0,0,0,0,0,0,24,4493,32,21046,64240,65535,24,40,0.019370499410127338,0.0462962301237364,0.2715790271759033,3.695487976074219e-05,0,0,0,0
192.168.2.55-35.215.189.119-60577-50004-17,192.168.2.55,60577,35.215.189.119,50004,17,2026-02-02 20:36:10,7019372,9,347,574,70273,102,36,63.77777777777778,22.159912644120727,352,36,202.5158501440922,80.11559844853664,10093.066803109528,50.71678097741601,0.038291677916790806,0.17512509319152922,2.5294899940490723,0.0,6.578787088394165,0.8223483860492706,0.7818166487748992,2.5294899940490723,0.04301714897155762,6.97646689414978,0.020163199116039827,0.05198896591696817,0.8729801177978516,0.0,0,0,0,0,252,9716,1.2821658112268093,49.4346151661892,36,352,199.00842696629215,82.11558335730092,6742.969030109836,0,0,0,0,0,0,0,0,38.55555555555556,199.00842696629215,63.77777777777778,202.5158501440922,252,0,0,0,0,0,0,9,574,347,70273,-1,-1,9,36,0.02052448228088736,0.05151366038307238,0.8729801177978516,0.000102996826171875,0,0,0,0
192.168.2.55-35.215.189.119-62822-50004-17,35.215.189.119,50004,192.168.2.55,62822,17,2026-02-02 20:34:17,53657540,1664,40,355469,2360,371,36,213.6231971153846,93.93881225282104,88,36,59.0,18.627936010197157,6668.755210301292,31.756953400516455,0.06215117330696832,0.284929054964533,4.86852502822876,0.0,53.65754008293152,0.03226550816772791,0.10943567317245614,1.1484270095825195,0.0,52.123756885528564,1.3365065868084247,1.170570389914266,4.86852502822876,0.011717081069946289,0,0,0,0,46592,1120,31.01148501083297,0.7454683896834848,36,371,209.99354460093898,95.7786624900075,9173.552188374772,0,0,0,0,0,0,0,0,0.02403846153846154,209.99354460093898,213.6231971153846,59.0,46592,0,0,0,0,0,0,1664,355469,40,2360,-1,-1,1664,36,0.03346661126408477,0.10201260325357335,0.8999319076538086,3.504753112792969e-05,1.1484270095825195,0,1.1484270095825195,1.1484270095825195
162.159.136.234-192.168.2.55-443-12797-6,162.159.136.234,443,192.168.2.55,12797,6,2026-02-02 20:34:17,144952795,695,500,212669,28066,1438,40,305.9985611510791,263.3536424755199,1438,40,56.132,139.75718434484858,1660.7820494413918,8.244063177695239,0.24296150303446537,0.26036068260014084,1.682499885559082,0.0,144.90033197402954,0.20879010370897627,0.25146331012274237,1.682499885559082,0.0,144.95274114608765,0.29048645520258043,0.2650255351847731,1.678717851638794,0.0,674,11,0,0,27836,20012,4.794664358575892,3.4493988191193465,40,1438,201.4518828451883,252.3913212959046,63701.37906549255,0,0,0,685,1195,0,0,0,0.7194244604316546,201.4518828451883,305.9985611510791,56.132,27836,0,0,0,0,0,0,695,212669,500,28066,16,8681,695,40,0.11546291584438748,0.15610052590164797,0.9725050926208496,1.0013580322265625e-05,1.2547512253125508,0.1925923803391987,1.6335928440093994,1.0262928009033203
192.168.2.55-64.233.189.188-8590-5228-6,192.168.2.55,8590,64.233.189.188,5228,6,2026-02-02 20:34:17,135345579,4,4,164,208,41,41,41.0,0.0,52,52,52.0,0.0,2.7485197694934405,0.059107952032116995,45.09073317050934,0.01118538752151414,45.099454164505005,45.07489991188049,135.27376508712769,45.091255029042564,0.011564827671307416,45.099454164505005,45.07489991188049,135.27063393592834,45.09021131197611,0.010767352334183853,45.09816384315491,45.07498908042908,0,0,0,0,160,208,0.029553976016058497,0.029553976016058497,41,52,46.5,5.5,30.25,0,0,0,0,8,0,0,0,1.0,46.5,41.0,52.0,160,0,0,0,0,0,0,4,164,4,208,509,1047,4,41,0.07287484407424927,0.0012994015256258804,0.07494521141052246,0.07172489166259766,45.01802659034729,0.01053249523596718,45.02643895149231,45.003175020217896
172.253.144.95-192.168.2.55-443-13019-6,192.168.2.55,13019,172.253.144.95,443,6,2026-02-02 20:34:18,135357397,4,4,164,208,41,41,41.0,0.0,52,52,52.0,0.0,2.7482797987139214,0.05910279137019185,45.10537834962209,0.00818888835741859,45.11449599266052,45.093992948532104,135.31746006011963,45.10582002003988,0.008293884790987588,45.11449599266052,45.09464621543884,135.31481003761292,45.10493667920431,0.008058356818760408,45.11316204071045,45.093992948532104,0,0,0,0,160,208,0.029551395685095926,0.029551395685095926,41,52,46.5,5.5,30.25,0,0,0,0,8,0,0,0,1.0,46.5,41.0,52.0,160,0,0,0,0,0,0,4,164,4,208,8235,1043,4,41,0.04109424352645874,0.0009794511829297947,0.0425870418548584,0.03993701934814453,45.064340035120644,0.007927466113517455,45.071908950805664,45.05339312553406
162.159.138.232-192.168.2.55-443-54546-17,192.168.2.55,54546,162.159.138.232,443,17,2026-02-02 20:34:20,132959138,121,128,70097,48896,1278,73,579.3140495867768,531.2792923659118,1228,50,382.0,462.3596577611416,894.9591657338467,1.8727558114151912,1.0763179956660096,2.2630913514379083,10.182305097579956,0.0,132.95913887023926,1.1079928239186605,2.2768389883921074,10.131584167480469,5.0067901611328125e-05,132.89140605926514,1.046389024088702,2.249614526179283,10.182305097579956,0.0,0,0,0,0,3388,3584,0.9100540288403137,0.9627017825748774,50,1278,477.8835341365462,506.7346430666601,256779.9984838954,0,0,0,0,0,0,0,0,1.0578512396694215,477.8835341365462,579.3140495867768,382.0,3388,0,0,0,0,0,0,121,70097,128,48896,-1,-1,121,50,0.07253263610424382,0.13853062929113322,0.9451560974121094,5.0067901611328125e-05,4.929481099049251,2.738016441139541,10.131584167480469,1.0048980712890625
162.159.128.235-192.168.2.55-443-12826-6,192.168.2.55,12826,162.159.128.235,443,6,2026-02-02 20:34:20,137662351,22,22,1683,1496,113,40,76.5,36.5,96,40,68.0,28.0,23.092733589626906,0.31962261023705063,6.553326527277629,6.733602041810115,14.652658939361572,0.07364106178283691,137.6623511314392,6.555350053878057,6.686592276336984,14.541742086410522,0.16329121589660645,137.5773630142212,6.5513030006771995,6.780285278338184,14.652658939361572,0.07364106178283691,11,11,0,0,880,880,0.15981130511852532,0.15981130511852532,40,113,72.25,32.80529682840867,1076.1875,0,0,0,22,44,0,0,0,1.0,72.25,76.5,68.0,880,0,0,0,0,0,0,22,1683,22,1496,510,18,22,40,0.06217796152288264,0.028722011878612026,0.18802285194396973,0.037487030029296875,13.561047840118409,0.43952724009138244,14.541742086410522,12.605822086334229
142.250.197.234-192.168.2.55-443-13012-6,192.168.2.55,13012,142.250.197.234,443,6,2026-02-02 20:34:22,119663935,11,11,472,536,64,40,42.90909090909091,6.680426571226849,52,40,48.72727272727273,5.344341256981479,8.423590553168797,0.18384820651757294,11.961616742610932,5.989034800605104,15.205157995223999,0.0,119.61646890640259,11.961646890640258,5.994558216033294,15.205157995223999,7.796287536621094e-05,119.61586594581604,11.961586594581604,5.983506286324762,15.198881149291992,0.0,1,0,0,0,440,536,0.09192410325878647,0.09192410325878647,40,64,45.81818181818182,6.7125145243544475,45.05785123966942,2,0,2,1,20,0,0,0,1.0,45.81818181818182,42.90909090909091,48.72727272727273,440,0,0,0,0,0,0,11,472,11,536,509,1047,11,40,0.03423521916071574,0.01942961919832936,0.04870486259460449,7.200241088867188e-05,14.906639158725739,0.46154491578995704,15.156453132629395,13.691686153411865
142.250.197.74-192.168.2.55-443-13011-6,192.168.2.55,13011,142.250.197.74,443,6,2026-02-02 20:34:23,119694225,11,11,472,536,64,40,42.90909090909091,6.680426571226849,52,40,48.72727272727273,5.344341256981479,8.421458924909755,0.18380168288493515,11.965052008628845,5.980866111372558,15.059150218963623,0.0,119.64654016494751,11.964654016494752,5.986406251493945,15.059150218963623,6.914138793945312e-05,119.6545000076294,11.965450000762939,5.975320808091239,15.056939125061035,0.0,1,0,0,0,440,536,0.09190084144246757,0.09190084144246757,40,64,45.81818181818182,6.7125145243544475,45.05785123966942,2,0,2,1,20,0,0,0,1.0,45.81818181818182,42.90909090909091,48.72727272727273,440,0,0,0,0,0,0,11,472,11,536,511,1047,11,40,0.03152660528818766,0.018416963478409643,0.048439979553222656,6.914138793945312e-05,14.914488226175308,0.2473112070430163,15.015726089477539,14.26027798652649
192.168.2.55-34.54.84.110-13023-443-6,192.168.2.55,13023,34.54.84.110,443,6,2026-02-02 20:34:23,19670692,28,47,3811,31852,716,40,136.10714285714286,185.3722778021326,1438,40,677.7021276595744,666.9974613143054,1813.0017149776354,3.8127787517405336,0.5381826146008217,2.850933646470823,17.501588821411133,0.0,19.670692920684814,0.7285441822475858,3.293438548579637,17.496052026748657,3.600120544433594e-05,19.61663794517517,0.4264486509820689,2.549153495137106,17.501588821411133,0.0,16,22,0,0,1120,1880,1.4234374006497992,2.3893413510907346,40,1438,475.50666666666666,600.2073280310915,360248.8366222222,2,0,0,38,75,0,0,0,1.6785714285714286,475.50666666666666,136.10714285714286,677.7021276595744,1120,0,0,0,0,0,0,28,3811,47,31852,510,1044,28,40,0.04267826905617347,0.12460199914476856,0.8385629653930664,1.8835067749023438e-05,17.451422929763794,0,17.451422929763794,17.451422929763794
192.168.2.55-49.213.95.30-9858-443-6,49.213.95.30,443,192.168.2.55,9858,6,2026-02-02 20:34:23,120934459,11,13,3141,959,1438,40,285.54545454545456,430.94871317644026,225,40,73.76923076923077,52.18628444355536,33.90266121667898,0.19845460224397451,10.98994791507721,15.280181510778991,45.02466106414795,0.0,120.88830804824829,12.088830804824829,15.625531921894678,45.02466106414795,0.0,120.89054608345032,10.07421217362086,14.924633039035061,44.964569091796875,0.05209803581237793,7,5,0,0,452,520,0.09095835936182166,0.10749624288215286,40,1438,170.83333333333334,312.61766673615165,97729.80555555556,0,0,0,12,24,0,0,0,1.1818181818181819,170.83333333333334,285.54545454545456,73.76923076923077,452,0,0,0,0,0,0,11,3141,13,959,144,513,11,40,0.08510334151131767,0.2053742581909452,0.8227989673614502,5.888938903808594e-05,19.957168738047283,15.81312933271998,44.964569091796875,1.396017074584961
192.168.2.55-8.8.4.4-63175-443-17,192.168.2.55,63175,8.8.4.4,443,17,2026-02-02 20:34:23,112043,11,11,3548,3983,1278,61,322.54545454545456,456.25697775712547,1278,51,362.09090909090907,408.1328782161415,67214.75110757406,196.35168295931874,0.008011794090270996,0.015169460352431604,0.04362201690673828,0.0,0.11204385757446289,0.011204385757446289,0.017194262270738843,0.04362201690673828,0.0001571178436279297,0.04819202423095703,0.004819202423095703,0.012008210383999822,0.04049205780029297,0.0,0,0,0,0,308,308,98.17584147965937,98.17584147965937,51,1278,342.3181818181818,433.3155879498574,187762.3987603306,0,0,0,0,0,0,0,0,1.0,342.3181818181818,322.54545454545456,362.09090909090907,308,0,0,0,0,0,0,11,3548,11,3983,-1,-1,11,51,0.007469590504964193,0.012376245587620722,0.04239988327026367,0.00010418891906738281,0,0,0,0
192.168.2.55-49.213.95.137-13026-443-6,192.168.2.55,13026,49.213.95.137,443,6,2026-02-02 20:34:23,32287090,16,16,3063,4482,593,40,191.4375,216.82711106720487,1438,40,280.125,414.572049678943,233.68472718078027,0.9911081868502277,2.1517099301020304,7.464511466798122,30.00789499282837,0.0,32.27780890464783,2.151853926976522,7.4644228553480785,30.007892847061157,6.29425048828125e-05,32.273488998413086,2.151565933227539,7.464600074418478,30.00789499282837,0.0,8,8,0,0,652,652,0.49555409342511386,0.49555409342511386,40,1438,235.78125,333.7789064612045,111408.3583984375,2,2,0,16,31,0,0,0,1.0,235.78125,191.4375,280.125,652,0,0,0,0,0,0,16,3063,16,4482,64240,42340,16,40,0.004892804405905984,0.008821295145616626,0.039823055267333984,6.29425048828125e-05,16.08972454071045,13.91807246208191,30.00779700279236,2.17165207862854
142.250.197.74-192.168.2.55-443-13009-6,192.168.2.55,13009,142.250.197.74,443,6,2026-02-02 20:34:25,118964954,11,11,472,536,64,40,42.90909090909091,6.680426571226849,52,40,48.72727272727273,5.344341256981479,8.473083533256101,0.1849284104480498,11.891502392292022,5.976622981680854,15.202316045761108,0.0,118.9127209186554,11.89127209186554,5.982270921840819,15.201974153518677,4.696846008300781e-05,118.91732692718506,11.891732692718506,5.970969690254062,15.202316045761108,0.0,1,0,0,0,440,536,0.0924642052240249,0.0924642052240249,40,64,45.81818181818182,6.7125145243544475,45.05785123966942,2,0,2,1,20,0,0,0,1.0,45.81818181818182,42.90909090909091,48.72727272727273,440,0,0,0,0,0,0,11,472,11,536,513,1044,11,40,0.03456544876098633,0.020053080422474726,0.05223393440246582,4.315376281738281e-05,14.818771183490753,0.7389551552036142,15.157425165176392,12.867614984512329
192.168.2.55-35.186.224.35-9171-443-6,192.168.2.55,9171,35.186.224.35,443,6,2026-02-02 20:34:25,117841084,9,9,500,2074,75,40,55.55555555555556,17.391639824998364,460,40,230.44444444444446,183.8828800629545,21.842976080342144,0.1527480844779171,14.724770501255989,12.483552528163962,30.042219877243042,0.13112998008728027,117.80265307426453,14.725331634283066,12.473206931986498,30.015124082565308,0.1367640495300293,117.7936749458313,14.724209368228912,12.493889532445895,30.042219877243042,0.13112998008728027,4,5,0,0,360,360,0.07637404223895855,0.07637404223895855,40,460,143.0,157.17576855934956,24704.222222222223,0,0,0,9,18,0,0,0,1.0,143.0,55.55555555555556,230.44444444444446,360,0,0,0,0,0,0,9,500,9,2074,511,1050,9,40,0.04906244277954101,0.013386964669229553,0.08634591102600098,0.03818702697753906,16.764351504189626,11.974640570226033,29.974207878112793,2.470460891723633
192.168.2.55-8.8.4.4-62571-443-17,192.168.2.55,62571,8.8.4.4,443,17,2026-02-02 20:34:26,160070,16,17,4253,5305,1278,61,265.8125,390.1801216665836,1278,50,312.05882352941177,362.7787318800515,59711.04198181076,206.15865091020666,0.008680320555163969,0.014854993203916185,0.04454493522644043,0.0,0.1503438949584961,0.010022926330566406,0.014618991986424372,0.04198098182678223,0.00011205673217773438,0.11874604225158691,0.007421627640724182,0.014963881171810932,0.04454493522644043,0.0,0,0,0,0,448,476,99.9557095322214,106.20294137798524,50,1278,289.6363636363636,377.02261150596377,142146.04958677688,0,0,0,0,0,0,0,0,1.0625,289.6363636363636,265.8125,312.05882352941177,448,0,0,0,0,0,0,16,4253,17,5305,-1,-1,16,50,0.006959604180377462,0.012139675597385527,0.04067087173461914,8.106231689453125e-05,0,0,0,0
14.238.122.124-192.168.2.55-443-13027-6,192.168.2.55,13027,14.238.122.124,443,6,2026-02-02 20:34:26,10056699,13,15,1560,5321,557,40,120.0,149.9748696897635,1438,40,354.73333333333335,472.86227264277375,684.2204705324029,2.784213511830734,0.7727173475118784,2.656819194990423,9.999722003936768,0.0,10.042654037475586,0.8368878364562988,2.7627019809303524,9.999722003936768,8.487701416015625e-05,10.047996997833252,0.7177140712738037,2.5613034909145855,9.952506065368652,0.0,5,7,0,0,532,612,1.2926705590642693,1.4915429527664648,40,1438,245.75,379.3845227093859,143932.61607142858,2,2,0,12,27,0,0,0,1.1538461538461537,245.75,120.0,354.73333333333335,532,0,0,0,0,0,0,13,1560,15,5321,64240,29200,13,40,0.005209696292877197,0.01064920876712687,0.04710197448730469,2.8848648071289062e-05,9.952506065368652,0,9.952506065368652,9.952506065368652
14.238.143.151-192.168.2.55-443-13028-6,192.168.2.55,13028,14.238.143.151,443,6,2026-02-02 20:34:26,135403949,42,117,2712,154363,557,40,64.57142857142857,90.46497424211125,1438,40,1319.3418803418804,374.4983233993752,1160.0474072889776,1.1742641270663534,1.724512795733798,8.632529685418781,45.04052400588989,0.0,135.3740270137787,3.301805536921431,11.723429221798789,45.04052400588989,0.00011301040649414062,135.3744819164276,1.1670213958312725,7.1478743130592335,45.03652215003967,0.0,5,58,0,0,1692,4728,0.3101829769609235,0.8640811501054297,40,1438,987.8930817610063,641.4029394279816,411397.730706855,0,2,0,63,158,0,0,0,2.7857142857142856,987.8930817610063,64.57142857142857,1319.3418803418804,1692,0,0,0,0,0,0,42,2712,117,154363,64240,21900,42,40,0.0051358436283312344,0.011075043778452231,0.059942007064819336,2.47955322265625e-05,45.004541635513306,0.0034953411874953473,45.008893966674805,45.000335931777954
192.168.2.55-192.168.3.255-57621-57621-17,192.168.2.55,57621,192.168.3.255,57621,17,2026-02-02 20:34:28,117540202,10,0,720,0,72,72,72.0,0.0,0,0,0,0,6.125563738077215,0.08507727413996133,13.06002246008979,12.231050891990256,30.009961128234863,0.0158231258392334,117.5402021408081,13.06002246008979,12.231050891990256,30.009961128234863,0.0158231258392334,0,0,0,0,0,0,0,0,0,280,0,0.08507727413996133,0.0,72,72,72.0,0.0,0.0,0,0,0,0,0,0,0,0,0.0,72.0,72.0,0,280,0,0,0,0,0,0,10,720,0,0,-1,-1,10,72,0.0158231258392334,0,0.0158231258392334,0.0158231258392334,14.690547376871109,12.015445398509371,30.009961128234863,3.011204957962036
14.238.143.173-192.168.2.55-443-12993-6,192.168.2.55,12993,14.238.143.173,443,6,2026-02-02 20:34:28,75798529,4,5,162,248,41,40,40.5,0.5,64,40,49.6,8.97997772825746,5.409075936010659,0.11873581322950227,21.646171740123204,19.504700185962374,45.04714798927307,0.0,75.76380205154419,25.254600683848064,18.79154459071127,45.04714798927307,0.00011992454528808594,75.75940012931824,18.93985003232956,19.59150245658727,45.041342973709106,0.0,0,1,0,0,160,224,0.05277147254644545,0.06596434068305682,40,64,45.55555555555556,8.084431006036109,65.35802469135803,2,0,0,1,9,0,0,0,1.25,45.55555555555556,40.5,49.6,160,0,0,0,0,0,0,4,162,5,248,513,21,4,40,0.021471834182739256,0.017563371538552305,0.039129018783569336,5.91278076171875e-05,37.845584988594055,7.162433981895447,45.0080189704895,30.68315100669861
1.1.1.1-192.168.2.55-53-49989-17,192.168.2.55,49989,1.1.1.1,53,17,2026-02-02 20:34:29,52152,1,1,64,144,64,64,64.0,0,144,144,144.0,0,3988.329776631831,38.349324775306066,0,0,0,0,0,0,0,0,0,0,0,0,0,0,0,0,0,0,28,28,19.174662387653033,19.174662387653033,64,144,104.0,40.0,1600.0,0,0,0,0,0,0,0,0,1.0,104.0,64.0,144.0,28,0,0,0,0,0,0,1,64,1,144,-1,-1,1,64,0.052152156829833984,0,0.052152156829833984,0.052152156829833984,0,0,0,0
1.1.1.1-192.168.2.55-53-64275-17,192.168.2.55,64275,1.1.1.1,53,17,2026-02-02 20:34:29,52002,1,1,64,188,64,64,64.0,0,188,188,188.0,0,4845.88296136001,38.4593885822223,0,0,0,0,0,0,0,0,0,0,0,0,0,0,0,0,0,0,28,28,19.22969429111115,19.22969429111115,64,188,126.0,62.0,3844.0,0,0,0,0,0,0,0,0,1.0,126.0,64.0,188.0,28,0,0,0,0,0,0,1,64,1,188,-1,-1,1,64,0.052002906799316406,0,0.052002906799316406,0.052002906799316406,0,0,0,0
192.168.2.55-224.0.0.251-5353-5353-17,192.168.2.55,5353,224.0.0.251,5353,17,2026-02-02 20:34:29,120001304,2,0,146,0,73,73,73.0,0.0,0,0,0,0,1.216653444182198,0.016666485536742437,120.00130414962769,0,120.00130414962769,120.00130414962769,120.00130414962769,120.00130414962769,0,120.00130414962769,120.00130414962769,0,0,0,0,0,0,0,0,0,56,0,0.016666485536742437,0.0,73,73,73.0,0.0,0.0,0,0,0,0,0,0,0,0,0.0,73.0,73.0,0,56,0,0,0,0,0,0,2,146,0,0,-1,-1,2,73,0,0,0,0,120.00130414962769,0,120.00130414962769,120.00130414962769
162.159.133.233-192.168.2.55-443-49167-17,192.168.2.55,49167,162.159.133.233,443,17,2026-02-02 20:34:29,244275,10,10,4967,4870,1278,71,496.7,539.4690074508451,1228,50,487.0,537.3788235500167,40270.17194435877,81.87490483756993,0.022308005226982966,0.03230804350079851,0.09958195686340332,0.0,0.24427509307861328,0.027141677008734807,0.0335793739903951,0.09802794456481934,9.918212890625e-05,0.15726900100708008,0.01747433344523112,0.030221122188375905,0.09958195686340332,0.0,0,0,0,0,280,280,40.937452418784964,40.937452418784964,50,1278,491.85,538.4467731354698,289924.92750000005,0,0,0,0,0,0,0,0,1.0,491.85,496.7,487.0,280,0,0,0,0,0,0,10,4967,10,4870,-1,-1,10,50,0.016285006205240884,0.0201077390206276,0.061618804931640625,9.918212890625e-05,0,0,0,0
192.168.2.55-239.255.255.250-58010-1900-17,192.168.2.55,58010,239.255.255.250,1900,17,2026-02-02 20:34:31,120014538,2,0,306,0,153,153,153.0,0.0,0,0,0,0,2.5496911038668144,0.0166646477376916,120.01453804969788,0,120.01453804969788,120.01453804969788,120.01453804969788,120.01453804969788,0,120.01453804969788,120.01453804969788,0,0,0,0,0,0,0,0,0,56,0,0.0166646477376916,0.0,153,153,153.0,0.0,0.0,0,0,0,0,0,0,0,0,0.0,153.0,153.0,0,56,0,0,0,0,0,0,2,306,0,0,-1,-1,2,153,0,0,0,0,120.01453804969788,0,120.01453804969788,120.01453804969788
104.199.241.202-192.168.2.55-4070-9170-6,192.168.2.55,9170,104.199.241.202,4070,6,2026-02-02 20:34:31,82155660,9,9,395,2233,52,40,43.888888888888886,5.506449641495052,353,51,248.11111111111111,124.95194137875966,31.988057732405665,0.21909628583839497,10.255573377013206,17.94119744236356,56.74935293197632,0.02037501335144043,82.1556601524353,10.269457519054413,17.955560942859453,56.74935293197632,0.02037501335144043,81.933513879776,10.241689234972,17.926811680279492,56.667840003967285,0.15195798873901367,1,9,0,0,384,360,0.10954814291919748,0.10954814291919748,40,353,146.0,135.0863921101357,18248.333333333332,0,0,0,10,18,0,0,0,1.0,146.0,43.888888888888886,248.11111111111111,384,0,0,0,0,0,0,9,395,9,2233,510,11,9,40,0.07747932275136311,0.05938206577431696,0.15582895278930664,3.1948089599609375e-05,16.24518165588379,20.40359318042295,56.6161630153656,3.032849073410034
192.168.2.55-40.99.10.114-12770-443-6,192.168.2.55,12770,40.99.10.114,443,6,2026-02-02 20:34:32,90261624,3,3,123,156,41,41,41.0,0.0,52,52,52.0,0.0,3.091014623198274,0.06647343275695212,45.10930049419403,0.016892057912264672,45.12836289405823,45.08823108673096,90.22060799598694,45.11030399799347,0.012885212898254395,45.123189210891724,45.097418785095215,90.21659398078918,45.10829699039459,0.020065903663635254,45.12836289405823,45.08823108673096,0,0,0,0,120,156,0.03323671637847606,0.03323671637847606,41,52,46.5,5.5,30.25,0,0,0,0,6,0,0,0,1.0,46.5,41.0,52.0,120,0,0,0,0,0,0,3,123,3,156,511,251,3,41,0.045416673024495445,0.0037608083756871993,0.050203800201416016,0.0410161018371582,45.062687039375305,0.015472054481506348,45.07815909385681,45.0472149848938
192.168.2.55-40.99.33.146-12771-443-6,192.168.2.55,12771,40.99.33.146,443,6,2026-02-02 20:34:33,90156371,3,3,123,156,41,41,41.0,0.0,52,52,52.0,0.0,3.094623201122434,0.06655103658327816,45.05271673202515,0.00799878290991946,45.06238889694214,45.04044508934021,90.10803294181824,45.05401647090912,0.0020493268966674805,45.056065797805786,45.05196714401245,90.10283398628235,45.051416993141174,0.010971903800964355,45.06238889694214,45.04044508934021,0,0,0,0,120,156,0.03327551829163908,0.03327551829163908,41,52,46.5,5.5,30.25,0,0,0,0,6,0,0,0,1.0,46.5,41.0,52.0,120,0,0,0,0,0,0,3,123,3,156,513,16388,3,41,0.046597957611083984,0.006494857844292587,0.053537845611572266,0.037917137145996094,45.008288979530334,0.0057610273361206055,45.014050006866455,45.002527952194214
192.168.2.55-35.186.224.39-12799-443-6,192.168.2.55,12799,35.186.224.39,443,6,2026-02-02 20:34:40,120148552,10,10,615,600,83,40,61.5,21.5,80,40,60.0,20.0,10.11248140707066,0.16646059929334422,13.34499462445577,14.81805240100192,30.045646905899048,0.00011301040649414062,120.14855217933655,13.349839131037394,14.76147313608859,29.874392986297607,0.13362717628479004,120.06135106086731,13.340150117874146,14.87441487359165,30.045646905899048,0.00011301040649414062,5,5,0,0,400,400,0.08323029964667211,0.08323029964667211,40,83,60.75,20.777090749188154,431.6875,0,0,0,10,20,0,0,0,1.0,60.75,61.5,60.0,400,0,0,0,0,0,0,10,615,10,600,511,1044,10,40,0.048930692672729495,0.02532787843023918,0.1309218406677246,0.00011301040649414062,29.8536479473114,0.024885353619442517,29.874392986297607,29.811112880706787
192.168.2.55-35.186.224.39-12801-443-6,192.168.2.55,12801,35.186.224.39,443,6,2026-02-02 20:34:40,120203835,21,29,1055,20699,83,40,50.23809523809524,18.31446152999828,1438,40,713.7586206896551,615.2406120385306,180.97592309009596,0.41596010639444686,5.005474021037419,9.025734526642678,29.93744707107544,0.0,120.20383501052856,6.010191750526428,9.548248372894536,29.794965028762817,0.0062580108642578125,120.05891799926758,4.2878184999738425,8.561282241118207,29.93744707107544,0.0,5,24,0,0,840,1160,0.1747032446856677,0.2412568617087792,40,1438,435.08,571.7781681736371,326930.2736,0,0,0,29,50,0,0,0,1.380952380952381,435.08,50.23809523809524,713.7586206896551,840,0,0,0,0,0,0,21,1055,29,20699,512,1043,21,40,0.07528465323978001,0.12382099342203828,0.7321341037750244,3.1948089599609375e-05,14.68669843673706,10.105059551879398,29.794965028762817,2.1449408531188965
192.168.2.55-8.8.4.4-61861-443-17,192.168.2.55,61861,8.8.4.4,443,17,2026-02-02 20:34:41,126757,9,11,3489,5486,1278,59,387.6666666666667,482.2263184669851,1278,50,498.72727272727275,470.74140573607946,70804.68722374158,157.7820328105662,0.009306232134501139,0.01731604710774779,0.04743599891662598,0.0,0.08703398704528809,0.01087924838066101,0.018610789807816913,0.04743599891662598,0.00012612342834472656,0.08047819137573242,0.008047819137573242,0.016095638297748748,0.04024100303649902,0.0,0,0,0,0,252,308,71.00191476475479,86.7801180458114,50,1278,448.75,479.14025869258785,229575.3875,0,0,0,0,0,0,0,0,1.2222222222222223,448.75,387.6666666666667,498.72727272727275,252,0,0,0,0,0,0,9,3489,11,5486,-1,-1,9,50,0.01152337681163441,0.018114247112748273,0.04537796974182129,0.00012612342834472656,0,0,0,0
192.168.2.55-8.8.8.8-50356-53-17,192.168.2.55,50356,8.8.8.8,53,17,2026-02-02 20:34:41,38101,1,1,56,132,56,56,56.0,0,132,132,132.0,0,4934.135647733886,52.49080476312644,0,0,0,0,0,0,0,0,0,0,0,0,0,0,0,0,0,0,28,28,26.24540238156322,26.24540238156322,56,132,94.0,38.0,1444.0,0,0,0,0,0,0,0,0,1.0,94.0,56.0,132.0,28,0,0,0,0,0,0,1,56,1,132,-1,-1,1,56,0.038101911544799805,0,0.038101911544799805,0.038101911544799805,0,0,0,0
192.168.2.55-8.8.8.8-50402-53-17,192.168.2.55,50402,8.8.8.8,53,17,2026-02-02 20:34:41,59248,1,1,56,88,56,56,56.0,0,88,88,88.0,0,2430.423873678111,33.75588713441821,0,0,0,0,0,0,0,0,0,0,0,0,0,0,0,0,0,0,28,28,16.877943567209105,16.877943567209105,56,88,72.0,16.0,256.0,0,0,0,0,0,0,0,0,1.0,72.0,56.0,88.0,28,0,0,0,0,0,0,1,56,1,88,-1,-1,1,56,0.059248924255371094,0,0.059248924255371094,0.059248924255371094,0,0,0,0
192.168.2.55-8.8.8.8-60931-443-17,192.168.2.55,60931,8.8.8.8,443,17,2026-02-02 20:34:41,123727,9,11,3486,5495,1278,59,387.3333333333333,482.3774455755576,1278,50,499.54545454545456,470.5904151626712,72587.17951860395,161.64609624452498,0.00915617412990994,0.016260712545858067,0.042550086975097656,0.0,0.0835261344909668,0.01044076681137085,0.017105199868121767,0.042550086975097656,0.00012803077697753906,0.08128499984741211,0.008128499984741211,0.015475556327352945,0.04093790054321289,0.0,0,0,0,0,252,308,72.74074331003625,88.90535293448875,50,1278,449.05,479.1935386667896,229626.4475,0,0,0,0,0,0,0,0,1.2222222222222223,449.05,387.3333333333333,499.54545454545456,252,0,0,0,0,0,0,9,3486,11,5495,-1,-1,9,50,0.009517467938936673,0.01644569784627697,0.0415949821472168,0.00011301040649414062,0,0,0,0
192.168.2.55-35.186.224.24-50312-443-17,192.168.2.55,50312,35.186.224.24,443,17,2026-02-02 20:34:41,357736,9,10,4380,4272,1278,59,486.6666666666667,498.21325197594297,1278,52,427.2,461.7754432621986,24185.37699380922,53.111669311416456,0.03584498517653521,0.03144092970067548,0.10401487350463867,0.0,0.29065990447998047,0.03633248805999756,0.030108035285170753,0.08028197288513184,0.00010800361633300781,0.31870484352111816,0.03541164928012424,0.032573853565875784,0.10401487350463867,0.0,0,0,0,0,252,280,25.158159147513057,27.9535101639034,52,1278,455.36842105263156,480.29949105535525,230687.60110803327,0,0,0,0,0,0,0,0,1.1111111111111112,455.36842105263156,486.6666666666667,427.2,252,0,0,0,0,0,0,9,4380,10,4272,-1,-1,9,52,0.022358551621437073,0.021052468826843397,0.0670769214630127,0.00010800361633300781,0,0,0,0
192.168.2.55-35.186.224.22-61112-443-17,192.168.2.55,61112,35.186.224.22,443,17,2026-02-02 20:34:41,228617,23,23,6024,5072,1278,59,261.9130434782609,365.98121988447514,1278,51,220.52173913043478,347.257061726201,48535.13080604405,201.209085893838,0.009201656688343395,0.016750919820698262,0.06069588661193848,0.0,0.22861790657043457,0.010391723025928844,0.016578507058004125,0.0528261661529541,9.584426879882812e-05,0.1762549877166748,0.008011590350757946,0.016837672571674598,0.06069588661193848,0.0,0,0,0,0,644,644,100.604542946919,100.604542946919,51,1278,241.2173913043478,357.34181134080177,127693.17013232515,0,0,0,0,0,0,0,0,1.0,241.2173913043478,261.9130434782609,220.52173913043478,644,0,0,0,0,0,0,23,6024,23,5072,-1,-1,23,51,0.00714430958032608,0.013873696836269546,0.05194902420043945,9.584426879882812e-05,0,0,0,0
192.168.2.55-35.186.224.35-9178-443-6,192.168.2.55,9178,35.186.224.35,443,6,2026-02-02 20:34:42,91793730,13,13,692,2359,83,40,53.23076923076923,19.846153846153847,453,40,181.46153846153845,164.84006952409982,33.23756391226342,0.2832437435984428,7.645282198985417,9.808822668946455,30.590115070343018,0.0371708869934082,91.79373097419739,7.649477581183116,9.78073495828066,30.469408988952637,0.13105297088623047,91.69304180145264,7.64108681678772,9.836828390039068,30.590115070343018,0.0371708869934082,4,9,0,0,520,520,0.1416218717992214,0.1416218717992214,40,453,117.34615384615384,133.7678650348294,17893.841715976334,0,0,0,13,26,0,0,0,1.0,117.34615384615384,53.23076923076923,181.46153846153845,520,0,0,0,0,0,0,13,692,13,2359,510,1044,13,40,0.08989298971075761,0.16744567197148838,0.7987148761749268,0.0371708869934082,15.014294028282166,9.068177567113203,30.469408988952637,2.5865700244903564
192.168.2.55-35.186.224.24-12298-443-6,192.168.2.55,12298,35.186.224.24,443,6,2026-02-02 20:34:45,88394092,8,8,2031,478,1438,40,253.875,450.1062201025442,135,40,59.75,31.051368729896595,28.384249907162932,0.18100757214611674,12.62107173034123,19.903241624375227,45.056451082229614,0.0,88.34894919395447,12.62127845627921,19.904635644706378,45.056451082229614,0.0,88.34605503082275,12.620865004403251,19.901847504252917,45.05428504943848,0.0,4,2,0,0,320,344,0.09050378607305837,0.09050378607305837,40,1438,156.8125,333.4681804066919,111201.02734375,0,0,0,6,16,0,0,0,1.0,156.8125,253.875,59.75,320,0,0,0,0,0,0,8,2031,8,478,512,854,8,40,0.03606075710720486,0.029203964910695292,0.09359598159790039,3.910064697265625e-05,44.034772634506226,0.9743695259094238,45.00914216041565,43.0604031085968
192.168.2.55-35.190.80.1-12941-443-6,192.168.2.55,12941,35.190.80.1,443,6,2026-02-02 20:34:45,24382123,3,3,121,205,41,40,40.333333333333336,0.4714045207910317,113,40,68.33333333333333,31.961782734314987,13.37045126612901,0.2460819251434787,12.178916990756989,12.129100832003175,24.332503080368042,0.049620866775512695,24.382123947143555,12.191061973571777,12.141441106796265,24.332503080368042,0.049620866775512695,24.3335440158844,12.1667720079422,12.116735816001892,24.283507823944092,0.05003619194030762,0,1,0,0,120,132,0.12304096257173935,0.12304096257173935,40,113,54.333333333333336,26.587382136812355,706.8888888888888,2,0,0,1,6,0,0,0,1.0,54.333333333333336,40.333333333333336,68.33333333333333,120,0,0,0,0,0,0,3,121,3,205,509,1044,3,40,0.024654030799865723,0.024404762428810976,0.0495760440826416,4.482269287109375e-05,24.283507823944092,0,24.283507823944092,24.283507823944092
142.250.199.196-192.168.2.55-443-60690-17,192.168.2.55,60690,142.250.199.196,443,17,2026-02-02 20:34:45,213886,7,8,2949,4223,1278,59,421.2857142857143,542.1883474233218,1278,52,527.875,518.3904024719208,33531.728420355656,70.13049725395075,0.023316071583674505,0.03375436470945236,0.1033029556274414,0.0,0.21388697624206543,0.035647829373677574,0.040554589723321224,0.1033029556274414,9.489059448242188e-05,0.08922195434570312,0.012745993477957589,0.021544223405979984,0.06372308731079102,0.0,0,0,0,0,196,224,32.727565385177016,37.402931868773734,52,1278,478.1333333333333,532.292008414763,283334.7822222222,0,0,0,0,0,0,0,0,1.1428571428571428,478.1333333333333,421.2857142857143,527.875,196,0,0,0,0,0,0,7,2949,8,4223,-1,-1,7,52,0.021388697624206542,0.02653600618524809,0.08906006813049316,9.489059448242188e-05,0,0,0,0
192.168.2.55-64.233.188.188-9407-5228-6,192.168.2.55,9407,64.233.188.188,5228,6,2026-02-02 20:34:48,102258169,5,5,229,262,66,40,45.8,10.107423014794621,66,40,52.4,8.2365041127896,4.801572339215668,0.09779169733636799,25.544353753328323,19.959508885936252,45.0856831073761,0.0075609683990478516,102.17851901054382,25.544629752635956,19.923691254868555,45.08363604545593,0.13535308837890625,102.17631101608276,25.54407775402069,19.995262352963998,45.0856831073761,0.0075609683990478516,1,1,0,0,200,236,0.04889584866818399,0.04889584866818399,40,66,49.1,9.792343948207701,95.89,0,0,0,2,10,0,0,0,1.0,49.1,45.8,52.4,200,0,0,0,0,0,0,5,229,5,262,510,1047,5,40,0.06274664402008057,0.027694105600484405,0.08185887336730957,0.0075609683990478516,33.96056334177653,15.58651163219488,45.004019021987915,11.917922019958496
192.168.2.55-35.186.224.22-13000-443-6,192.168.2.55,13000,35.186.224.22,443,6,2026-02-02 20:34:53,34314486,3,2,121,92,41,40,40.333333333333336,0.4714045207910317,52,40,46.0,6.0,6.20729099173651,0.14571105614404953,22.86244265238444,16.13130275018149,34.272841930389404,0.04933595657348633,34.314486026763916,17.157243013381958,17.10790705680847,34.26515007019043,0.04933595657348633,34.272841930389404,34.272841930389404,0,34.272841930389404,34.272841930389404,0,0,0,0,120,92,0.08742663368642972,0.05828442245761981,40,52,42.6,4.715930449020639,22.240000000000002,2,0,0,0,5,0,0,0,0.6666666666666666,42.6,40.333333333333336,46.0,120,0,0,0,0,0,0,3,121,2,92,510,1046,3,40,0.030285358428955078,0.021557254706112458,0.049211978912353516,0.0001239776611328125,34.22362995147705,0,34.22362995147705,34.22362995147705
192.168.2.55-199.232.210.248-13005-443-6,192.168.2.55,13005,199.232.210.248,443,6,2026-02-02 20:34:54,33877135,3,4,121,196,41,40,40.333333333333336,0.4714045207910317,64,40,49.0,9.9498743710662,9.357343814372259,0.20662904321957667,13.54232964515686,16.567091635217228,33.83451318740845,0.0,33.877135038375854,16.938567519187927,16.892478585243225,33.83104610443115,0.04608893394470215,33.83451318740845,11.278171062469482,15.94974247530812,33.83451318740845,0.0,0,1,0,0,120,172,0.08855530423696144,0.11807373898261525,40,64,45.285714285714285,8.663788114317889,75.06122448979592,2,0,1,1,7,0,0,0,1.3333333333333333,45.285714285714285,40.333333333333336,49.0,120,0,0,0,0,0,0,3,121,4,196,513,297,3,40,0.029483636220296223,0.02071273804756335,0.045829057693481445,0.0002598762512207031,33.788684129714966,0,33.788684129714966,33.788684129714966
192.168.2.55-199.232.210.248-13004-443-6,192.168.2.55,13004,199.232.210.248,443,6,2026-02-02 20:34:54,33832698,3,4,121,196,41,40,40.333333333333336,0.4714045207910317,64,40,49.0,9.9498743710662,9.369633846462959,0.20690043194082244,13.524939775466919,16.54575523246713,33.79200005531311,0.0,33.832698822021484,16.916349411010742,16.870166540145874,33.786515951156616,0.046182870864868164,33.79200005531311,11.264000018437704,15.929701592645392,33.79200005531311,0.0,0,1,0,0,120,172,0.0886716136889239,0.11822881825189854,40,64,45.285714285714285,8.663788114317889,75.06122448979592,2,0,1,1,7,0,0,0,1.3333333333333333,45.285714285714285,40.333333333333336,49.0,120,0,0,0,0,0,0,3,121,4,196,513,293,3,40,0.028889258702596027,0.020399798277282617,0.04596900939941406,0.00021386146545410156,33.746031045913696,0,33.746031045913696,33.746031045913696
192.168.2.55-34.54.84.110-13031-443-6,192.168.2.55,13031,34.54.84.110,443,6,2026-02-02 20:34:54,408512,14,15,2698,5402,1438,40,192.71428571428572,356.4831049034899,1438,40,360.1333333333333,545.765378976066,19828.01858497619,70.98920234127279,0.028092366677743418,0.04412614349612237,0.16968202590942383,0.0,0.38878393173217773,0.029906456287090596,0.04420949119308062,0.16503691673278809,0.0,0.36970996856689453,0.026407854897635325,0.043981660164829926,0.16968202590942383,0.0,7,5,0,0,572,612,34.27064940613169,36.7185529351411,40,1438,279.3103448275862,471.6073105987925,222413.45541022593,2,2,0,12,28,0,0,0,1.0714285714285714,279.3103448275862,192.71428571428572,360.1333333333333,572,0,0,0,0,0,0,14,2698,15,5402,64240,65535,14,40,0.01945299193972633,0.03680947598593028,0.16479992866516113,6.508827209472656e-05,0,0,0,0
192.168.2.55-34.54.84.110-13032-443-6,192.168.2.55,13032,34.54.84.110,443,6,2026-02-02 20:34:55,48334326,50,72,7786,52539,1438,40,155.72,257.766564162228,1438,40,729.7083333333334,667.7231927623735,1248.077814595482,2.524086090023188,0.8052654683589935,4.212606817975987,28.04281711578369,0.0,48.33432602882385,0.9864148169147725,4.643253576370327,28.04281711578369,0.0,48.29753017425537,0.6802469038627517,3.8827511583813124,28.035088062286377,0.0,25,34,0,0,2012,2892,1.0344615123045853,1.4896245777186028,40,1438,494.4672131147541,608.3135406014883,370045.36367911857,2,2,0,59,121,0,0,0,1.44,494.4672131147541,155.72,729.7083333333334,2012,0,0,0,0,0,0,50,7786,72,52539,64240,65535,50,40,0.03051628224989947,0.09922952433662026,0.8279738426208496,1.6927719116210938e-05,22.8702210187912,5.124842047691345,27.995063066482544,17.745378971099854
192.168.2.55-199.232.210.248-13003-443-6,192.168.2.55,13003,199.232.210.248,443,6,2026-02-02 20:34:55,102744896,45,152,4097,203416,499,40,91.04444444444445,144.23421624497587,1438,40,1338.2631578947369,326.8055460949963,2019.691549495886,1.9173701659688287,1.0533788754389837,5.800978466018728,45.04641890525818,0.0,102.70533990859985,2.3342122706499966,8.45652993974868,45.00682497024536,4.792213439941406e-05,102.70354080200195,0.6801558993510063,4.690577302045337,45.04641890525818,0.0,5,72,0,0,1800,6104,0.43797795669338724,1.4793922092754412,40,1438,1053.3654822335025,601.0994904233442,361320.59738720406,0,0,0,77,197,0,0,0,3.3777777777777778,1053.3654822335025,91.04444444444445,1338.2631578947369,1800,0,0,0,0,0,0,45,4097,152,203416,513,321,45,40,0.008354075161027319,0.03808331855477556,0.3337099552154541,2.09808349609375e-05,25.517054200172424,13.955517356712203,45.00682497024536,10.570024967193604
192.168.2.55-199.232.214.248-12964-443-6,192.168.2.55,12964,199.232.214.248,443,6,2026-02-02 20:34:56,91556807,21,117,2188,162060,713,40,104.19047619047619,197.5241080036318,1438,40,1385.128205128205,254.85053566601954,1793.946333398301,1.5072609347387216,1.3458187422331642,6.788459635166243,45.18397092819214,0.0,91.51494193077087,4.575747096538544,11.906836229062254,45.14205002784729,6.508827209472656e-05,91.51640701293945,0.7889345432149952,5.2417713914974895,45.18397092819214,0.0,2,24,0,0,840,4704,0.22936579441676197,1.2778951403219596,40,1438,1190.2028985507247,522.2008908709186,272693.77042638103,0,0,0,26,138,0,0,0,5.571428571428571,1190.2028985507247,104.19047619047619,1385.128205128205,840,0,0,0,0,0,0,21,2188,117,162060,1026,302,21,40,0.005004431750323321,0.01296926210829801,0.04347085952758789,1.6927719116210938e-05,30.457214673360188,12.499555728630344,45.14205002784729,14.592763900756836
192.168.2.55-4.213.25.241-8244-443-6,192.168.2.55,8244,4.213.25.241,443,6,2026-02-02 20:34:58,93010,1,1,41,52,41,41,41.0,0,52,52,52.0,0,999.8904727604565,21.50302091957971,0,0,0,0,0,0,0,0,0,0,0,0,0,0,0,0,0,0,40,52,10.751510459789856,10.751510459789856,41,52,46.5,5.5,30.25,0,0,0,0,2,0,0,0,1.0,46.5,41.0,52.0,40,0,0,0,0,0,0,1,41,1,52,510,7540,1,41,0.09301018714904785,0,0.09301018714904785,0.09301018714904785,0,0,0,0
118.69.17.161-192.168.2.55-443-13008-6,192.168.2.55,13008,118.69.17.161,443,6,2026-02-02 20:35:00,58571578,903,1754,56511,2464619,591,40,62.58139534883721,26.40031224524776,1438,40,1405.141961231471,152.83730413279352,43043.57309425242,45.363298882417276,0.04411588325787848,1.136560657680086,32.25888109207153,0.0,58.57157802581787,0.06493523062729253,1.3781547057765497,32.25888109207153,1.1920928955078125e-05,58.55609202384949,0.03340336110887022,0.9893556645968385,32.2579140663147,0.0,2,104,0,0,55408,70172,15.417033831698456,29.946265050718818,40,1438,948.8633797515995,648.111718127806,420048.79917457665,0,0,0,106,2657,0,0,0,1.9424141749723145,948.8633797515995,62.58139534883721,1405.141961231471,55408,0,0,0,0,0,0,903,56511,1754,2464619,16553,497,903,40,0.0003206281965342952,0.005634161664458113,0.17571520805358887,1.1920928955078125e-05,29.124513030052185,3.118981957435608,32.24349498748779,26.005531072616577
192.168.2.55-199.232.113.155-13018-443-6,192.168.2.55,13018,199.232.113.155,443,6,2026-02-02 20:35:01,90253354,3,3,123,156,41,41,41.0,0.0,52,52,52.0,0.0,3.0912978566498706,0.06647952379892196,45.106879234313965,0.003673576820385708,45.11111497879028,45.10222387313843,90.21553206443787,45.10776603221893,0.0033489465713500977,45.11111497879028,45.10441708564758,90.211984872818,45.105992436409,0.0037685632705688477,45.109760999679565,45.10222387313843,0,0,0,0,120,156,0.03323976189946098,0.03323976189946098,41,52,46.5,5.5,30.25,0,0,0,0,6,0,0,0,1.0,46.5,41.0,52.0,120,0,0,0,0,0,0,3,123,3,156,16481,298,3,41,0.03973547617594401,0.0014615824350748075,0.04136919975280762,0.03782200813293457,45.067073822021484,0.002671957015991211,45.069745779037476,45.06440186500549
192.168.2.55-8.8.8.8-64596-53-17,192.168.2.55,64596,8.8.8.8,53,17,2026-02-02 20:35:07,41119,1,1,65,129,65,65,65.0,0,129,129,129.0,0,4718.002249718786,48.639198450709124,0,0,0,0,0,0,0,0,0,0,0,0,0,0,0,0,0,0,28,28,24.319599225354562,24.319599225354562,65,129,97.0,32.0,1024.0,0,0,0,0,0,0,0,0,1.0,97.0,65.0,129.0,28,0,0,0,0,0,0,1,65,1,129,-1,-1,1,65,0.04111909866333008,0,0.04111909866333008,0.04111909866333008,0,0,0,0
1.1.1.1-192.168.2.55-53-64596-17,192.168.2.55,64596,1.1.1.1,53,17,2026-02-02 20:35:07,46442,1,1,65,129,65,65,65.0,0,129,129,129.0,0,4177.250482566019,43.064437964598135,0,0,0,0,0,0,0,0,0,0,0,0,0,0,0,0,0,0,28,28,21.532218982299067,21.532218982299067,65,129,97.0,32.0,1024.0,0,0,0,0,0,0,0,0,1.0,97.0,65.0,129.0,28,0,0,0,0,0,0,1,65,1,129,-1,-1,1,65,0.04644203186035156,0,0.04644203186035156,0.04644203186035156,0,0,0,0
192.168.2.55-216.239.38.223-13033-443-6,192.168.2.55,13033,216.239.38.223,443,6,2026-02-02 20:35:07,5187288,14,12,5651,2004,1438,40,403.64285714285717,562.6236508084063,1258,40,167.0,334.08905998251424,1475.722946612785,5.012252986535913,0.4307607114315033,0.4885276510050123,1.0524461269378662,0.0,5.187288045883179,0.3990221573756291,0.47919077826547957,1.0524461269378662,0.0,5.1509690284729,0.46826991167935456,0.496729416623724,1.0498838424682617,0.0,2,3,0,0,572,540,2.6989054542885684,2.3133475322473442,40,1438,294.4230769230769,485.6742476723169,235879.474852071,2,2,0,5,25,0,0,0,0.8571428571428571,294.4230769230769,403.64285714285717,167.0,572,0,0,0,0,0,0,14,5651,12,2004,64240,65535,14,40,0.07256181538105011,0.19596975640574749,0.8285298347473145,6.699562072753906e-05,1.0065747499465942,0.004501516471217419,1.0137059688568115,1.0013558864593506
192.168.2.55-8.8.8.8-64882-53-17,192.168.2.55,64882,8.8.8.8,53,17,2026-02-02 20:35:10,41790,1,1,79,287,79,79,79.0,0,287,287,287.0,0,8758.07430397079,47.85832952989502,0,0,0,0,0,0,0,0,0,0,0,0,0,0,0,0,0,0,28,28,23.92916476494751,23.92916476494751,79,287,183.0,104.0,10816.0,0,0,0,0,0,0,0,0,1.0,183.0,79.0,287.0,28,0,0,0,0,0,0,1,79,1,287,-1,-1,1,79,0.041790008544921875,0,0.041790008544921875,0.041790008544921875,0,0,0,0
1.1.1.1-192.168.2.55-53-64882-17,192.168.2.55,64882,1.1.1.1,53,17,2026-02-02 20:35:10,40068,1,1,79,239,79,79,79.0,0,239,239,239.0,0,7936.3366396725,49.914066916179245,0,0,0,0,0,0,0,0,0,0,0,0,0,0,0,0,0,0,28,28,24.957033458089622,24.957033458089622,79,239,159.0,80.0,6400.0,0,0,0,0,0,0,0,0,1.0,159.0,79.0,239.0,28,0,0,0,0,0,0,1,79,1,239,-1,-1,1,79,0.040068864822387695,0,0.040068864822387695,0.040068864822387695,0,0,0,0
142.250.198.170-192.168.2.55-443-13034-6,192.168.2.55,13034,142.250.198.170,443,6,2026-02-02 20:35:10,5234147,12,12,1764,2755,728,40,147.0,236.73191588799344,1438,40,229.58333333333334,397.7596548866608,863.3688202581016,4.585273663685426,0.4740440845489502,0.49824644006449853,1.1978280544281006,0.0,5.234147787094116,0.47583161700855603,0.4833597022879332,1.1978280544281006,0.0003590583801269531,5.194822072982788,0.47225655208934436,0.5126948778107931,1.1960680484771729,0.0,2,3,0,0,492,540,2.292636831842713,2.292636831842713,40,1438,188.29166666666666,329.8975193357611,108832.37326388888,2,2,0,5,23,0,0,0,1.0,188.29166666666666,147.0,229.58333333333334,492,0,0,0,0,0,0,12,1764,12,2755,64240,65535,12,40,0.10385415428563168,0.22207164222484463,0.8965799808502197,5.3882598876953125e-05,1.086972951889038,0.04179542643049077,1.1454319953918457,1.0501809120178223
192.168.2.55-35.215.189.119-64883-50004-17,192.168.2.55,64883,35.215.189.119,50004,17,2026-02-02 20:35:10,60084512,48,1981,2814,402171,102,36,58.625,18.7223407101427,371,36,203.01413427561837,86.60397311692282,6740.256018116039,33.76910122784163,0.058924043831357124,0.24673765398231542,3.022307872772217,0.0,59.40094494819641,1.2638498925148172,0.8570054984922117,3.022307872772217,0.029268980026245117,60.03809189796448,0.030322268635335596,0.09802752016936257,0.9089329242706299,0.0,0,0,0,0,1344,55468,0.7988747456561844,32.970226482185446,36,371,199.59832429768358,88.38917047925135,7812.645458010159,0,0,0,0,0,0,0,0,41.270833333333336,199.59832429768358,58.625,203.01413427561837,1344,0,0,0,0,0,0,48,2814,1981,402171,-1,-1,48,36,0.0339460525135536,0.09504270616851168,0.9089329242706299,7.796287536621094e-05,0,0,0,0
104.26.7.21-192.168.2.55-443-63457-17,192.168.2.55,63457,104.26.7.21,443,17,2026-02-02 20:35:11,1230412,14,13,7772,6016,1278,71,555.1428571428571,547.0866811892736,1228,51,462.7692307692308,484.10490818641523,11205.993798546948,21.943852085927446,0.09680124282836915,0.18486737944740902,0.7198538780212402,0.0,1.2304129600524902,0.09464715077326848,0.17318423487245707,0.6452591419219971,4.9114227294921875e-05,1.1896181106567383,0.0991348425547282,0.19671614494184897,0.7198538780212402,0.0,0,0,0,0,392,364,11.3782936741846,10.565558411742844,51,1278,510.6666666666667,519.7727423631444,270163.70370370365,0,0,0,0,0,0,0,0,0.9285714285714286,510.6666666666667,555.1428571428571,462.7692307692308,392,0,0,0,0,0,0,14,7772,13,6016,-1,-1,14,51,0.05592786182056774,0.1365319553351981,0.6452591419219971,4.9114227294921875e-05,0,0,0,0
162.159.129.232-192.168.2.55-443-54388-17,192.168.2.55,54388,162.159.129.232,443,17,2026-02-02 20:35:20,42220829,174,1124,20645,1354856,1278,71,118.64942528735632,207.1945281605422,1228,52,1205.3879003558718,148.0242864903093,32578.729531918878,30.743119003498144,0.06511491426715145,1.1641261947560475,26.231523036956787,0.0,42.22082996368408,0.24405104025250915,2.241494009289534,26.213293075561523,4.291534423828125e-05,42.16809892654419,0.03754950928454514,0.8855877920798262,26.231523036956787,0.0,0,0,0,0,4872,31472,4.121188525892664,26.62193047760548,52,1278,1059.7080123266564,402.2711317426238,161822.0634334914,0,0,0,0,0,0,0,0,6.459770114942529,1059.7080123266564,118.64942528735632,1205.3879003558718,4872,0,0,0,0,0,0,174,20645,1124,1354856,-1,-1,174,52,0.008221370004089583,0.052766126362760006,0.6272110939025879,2.86102294921875e-06,20.012924551963806,6.174456477165222,26.18738102912903,13.838468074798584
192.168.2.55-35.186.224.22-59659-443-17,192.168.2.55,59659,35.186.224.22,443,17,2026-02-02 20:35:21,42453060,197,258,50771,149181,1278,59,257.7208121827411,362.1079826373559,1278,51,578.2209302325581,556.6368223222626,4709.954851876275,10.717719540708295,0.1872169908308825,0.7486676307535248,5.209871053695679,0.0,42.40399503707886,0.21634691345448398,0.7994964249087225,5.209871053695679,4.1961669921875e-05,42.40530180931091,0.16500117435529538,0.7066462524821197,5.1795501708984375,0.0,0,0,0,0,5516,7224,4.640419229713262,6.077300310995033,51,1278,439.45494505494503,507.62405147942076,257682.17764038162,0,0,0,0,0,0,0,0,1.3096446700507614,439.45494505494503,257.7208121827411,578.2209302325581,5516,0,0,0,0,0,0,197,50771,258,149181,-1,-1,197,51,0.022676416564595597,0.07472429093314854,0.824333906173706,4.100799560546875e-05,3.4448285818099977,0.9930476459588754,5.132747173309326,2.0621888637542725
192.168.2.55-8.8.4.4-55215-443-17,192.168.2.55,55215,8.8.4.4,443,17,2026-02-02 20:35:28,17647078,27,37,6011,10965,1278,59,222.62962962962962,309.98556097175555,1278,50,296.35135135135135,351.04833086952846,961.9722859589007,3.6266627180354405,0.5679614351641747,2.327657412809813,12.612377166748047,0.0,17.607372045516968,0.677206617135268,2.525651392668943,12.608587980270386,0.0001361370086669922,17.606236934661865,0.4890621370739407,2.170055876333732,12.612377166748047,0.0,0,0,0,0,756,1036,1.5299983341712016,2.096664383864239,50,1278,265.25,336.3170472188408,113109.15625,0,0,0,0,0,0,0,0,1.3703703703703705,265.25,222.62962962962962,296.35135135135135,756,0,0,0,0,0,0,27,6011,37,10965,-1,-1,27,50,0.01801932689755462,0.055681902577204394,0.36441898345947266,1.1920928955078125e-05,8.436123490333557,4.131025671958923,12.56714916229248,4.305097818374634
192.168.2.55-35.186.224.24-52953-443-17,192.168.2.55,52953,35.186.224.24,443,17,2026-02-02 20:35:28,25348284,18,22,5163,8374,1278,59,286.8333333333333,403.81888817196807,1278,52,380.6363636363636,489.9728698847932,534.0400749586057,1.5780160300173027,1.3308973688828318,3.801701390991505,13.97773289680481,0.0,25.27622699737549,1.486836882198558,3.9897744017190466,13.972841024398804,0.00011205673217773438,25.29787302017212,1.2046606200081962,3.637452891024051,13.97773289680481,0.0,0,0,0,0,504,616,0.7101072135077863,0.8679088165095166,52,1278,338.425,455.6308751335888,207599.494375,0,0,0,0,0,0,0,0,1.2222222222222223,338.425,286.8333333333333,380.6363636363636,504,0,0,0,0,0,0,18,5163,22,8374,-1,-1,18,52,0.02757091075181961,0.02494054846485501,0.07205796241760254,0.00011205673217773438,12.233007907867432,1.6743810176849365,13.907388925552368,10.558626890182495
192.168.2.55-35.186.224.24-65467-443-17,192.168.2.55,65467,35.186.224.24,443,17,2026-02-02 20:35:28,36214468,42,60,8740,46641,1278,59,208.0952380952381,319.5307429522392,1278,52,777.35,559.5132654072347,1529.2506447435894,2.8165537957755573,0.7237924599647522,2.504203601942607,13.880795955657959,0.0,36.21446895599365,0.8832797306339916,2.739031859710472,13.8753080368042,6.699562072753906e-05,36.16477704048157,0.6129623227200266,2.320658336311594,13.880795955657959,0.0,0,0,0,0,1176,1680,1.159757445319347,1.65679635045621,52,1278,542.9509803921569,551.9792085003618,304681.04661668587,0,0,0,0,0,0,0,0,1.4285714285714286,542.9509803921569,208.0952380952381,777.35,1176,0,0,0,0,0,0,42,8740,60,46641,-1,-1,42,52,0.03339628434517014,0.05112629109922784,0.31282711029052734,6.699562072753906e-05,6.768666553497314,4.606027168160002,13.80769395828247,1.9109859466552734
118.69.17.154-192.168.2.55-443-13035-6,192.168.2.55,13035,118.69.17.154,443,6,2026-02-02 20:35:28,67213920,62,290,6473,362381,1424,40,104.40322580645162,198.62376978870896,1438,40,1249.5896551724138,446.964197320197,5487.76199090808,5.237010363991293,0.3840059219087873,3.5613082034947356,45.084216833114624,0.0,67.19817280769348,1.101609390290057,5.964612553005839,45.06838393211365,0.0,67.20389986038208,0.232539445883675,2.778317780813909,45.084216833114624,0.0,21,69,0,0,2504,11636,0.9224279618393755,4.314582402151918,40,1438,1047.8806818181818,601.5361136211559,361845.6959904442,0,3,0,90,351,0,0,0,4.67741935483871,1047.8806818181818,104.40322580645162,1249.5896551724138,2504,0,0,0,0,0,0,62,6473,290,362381,64240,64240,62,40,0.017948615784738577,0.0662163887050161,0.39823293685913086,2.5033950805664062e-05,16.34579050540924,17.138523810391206,45.06838393211365,2.4349660873413086
192.168.2.55-8.8.8.8-51694-443-17,192.168.2.55,51694,8.8.8.8,443,17,2026-02-02 20:35:28,4919704,17,22,4712,7628,1278,59,277.1764705882353,375.0441911678139,1278,51,346.72727272727275,400.66855286657864,2508.280519965894,7.927304722744723,0.26472486032022013,1.0824051945123632,4.797638893127441,0.0,4.919704914093018,0.3074815571308136,1.156792725162871,4.787319898605347,7.891654968261719e-05,4.875114917755127,0.2321483294169108,1.0209004112967173,4.797638893127441,0.0,0,0,0,0,476,616,3.455491802222059,4.471812920522664,51,1278,316.4102564102564,391.2292735854395,153060.34451019065,0,0,0,0,0,0,0,0,1.2941176470588236,316.4102564102564,277.1764705882353,346.72727272727275,476,0,0,0,0,0,0,17,4712,22,7628,-1,-1,17,51,0.0063119641056767215,0.01269791373947551,0.048187971115112305,7.605552673339844e-05,4.749281883239746,0,4.749281883239746,4.749281883239746
192.168.2.55-35.186.224.24-56236-443-17,192.168.2.55,56236,35.186.224.24,443,17,2026-02-02 20:35:28,31691019,19,19,10913,5665,1278,59,574.3684210526316,548.6756505706135,1278,52,298.1578947368421,442.3089255210298,523.1135032149136,1.1990778816604366,1.7589092188411288,6.611764948753891,29.00800609588623,0.0,31.670856952667236,1.7594920529259577,6.61484231058534,29.00800609588623,3.886222839355469e-05,31.649874925613403,1.7583263847563002,6.608686102535052,28.980669021606445,0.0,0,0,0,0,532,532,0.5995389408302183,0.5995389408302183,52,1278,436.2631578947368,517.121012214973,267414.14127423824,0,0,0,0,0,0,0,0,1.0,436.2631578947368,574.3684210526316,298.1578947368421,532,0,0,0,0,0,0,19,10913,19,5665,-1,-1,19,52,0.04544420102063347,0.07752783600437725,0.39055490493774414,3.886222839355469e-05,15.072958111763,13.868951916694641,28.94191002845764,1.2040061950683594
118.69.17.168-192.168.2.55-443-13036-6,192.168.2.55,13036,118.69.17.168,443,6,2026-02-02 20:35:28,14206963,9,11,2458,4719,1424,40,273.1111111111111,449.66862970771035,1438,40,429.0,531.4484495653878,505.17481945539595,1.4077603997642356,1.577030168639289,3.2490309888626454,10.013535022735596,0.0,14.192600011825562,1.7740750014781952,3.3939443276285126,10.013535022735596,0.0,14.19394302368164,1.419394302368164,3.119321621983592,10.013516187667847,0.0,2,6,0,0,372,452,0.633492179893906,0.7742682198703297,40,1438,358.85,502.34054932883924,252346.0275,2,2,0,8,19,0,0,0,1.2222222222222223,358.85,273.1111111111111,429.0,372,0,0,0,0,0,0,9,2458,11,4719,64240,64240,9,40,0.006336307525634766,0.007541935170252244,0.019766807556152344,4.315376281738281e-05,7.071799993515015,2.9416730403900146,10.01347303390503,4.130126953125
1.1.1.1-192.168.2.55-53-52089-17,192.168.2.55,52089,1.1.1.1,53,17,2026-02-02 20:35:28,44000,1,1,55,312,55,55,55.0,0,312,312,312.0,0,8340.745303517147,45.45365288020243,0,0,0,0,0,0,0,0,0,0,0,0,0,0,0,0,0,0,28,28,22.726826440101217,22.726826440101217,55,312,183.5,128.5,16512.25,0,0,0,0,0,0,0,0,1.0,183.5,55.0,312.0,28,0,0,0,0,0,0,1,55,1,312,-1,-1,1,55,0.044000864028930664,0,0.044000864028930664,0.044000864028930664,0,0,0,0
1.1.1.1-192.168.2.55-53-59128-17,192.168.2.55,59128,1.1.1.1,53,17,2026-02-02 20:35:28,47072,1,1,55,354,55,55,55.0,0,354,354,354.0,0,8688.653329146366,42.48730234301401,0,0,0,0,0,0,0,0,0,0,0,0,0,0,0,0,0,0,28,28,21.243651171507004,21.243651171507004,55,354,204.5,149.5,22350.25,0,0,0,0,0,0,0,0,1.0,204.5,55.0,354.0,28,0,0,0,0,0,0,1,55,1,354,-1,-1,1,55,0.0470728874206543,0,0.0470728874206543,0.0470728874206543,0,0,0,0
192.168.2.55-239.255.255.250-58983-1900-17,192.168.2.55,58983,239.255.255.250,1900,17,2026-02-02 20:35:31,3010499,4,0,792,0,198,198,198.0,0.0,0,0,0,0,263.0792267207478,1.3286829632361001,1.003499984741211,0.003992266304359473,1.009131908416748,1.0003399848937988,3.010499954223633,1.003499984741211,0.003992266304359473,1.009131908416748,1.0003399848937988,0,0,0,0,0,0,0,0,0,112,0,1.3286829632361001,0.0,198,198,198.0,0.0,0.0,0,0,0,0,0,0,0,0,0.0,198.0,198.0,0,112,0,0,0,0,0,0,4,792,0,0,-1,-1,4,198,0,0,0,0,1.003499984741211,0.003992266304359473,1.009131908416748,1.0003399848937988
192.168.2.55-35.186.224.22-55031-443-17,192.168.2.55,55031,35.186.224.22,443,17,2026-02-02 20:35:32,40221199,76,58,57082,7434,1278,59,751.078947368421,565.5141061844777,1278,51,128.17241379310346,233.16459614223942,1604.0297160982986,3.331576383488933,0.6085985158429001,1.7644911542877182,9.04215407371521,0.0,40.15418314933777,0.535389108657837,1.6692109953479661,9.03521990776062,3.1948089599609375e-05,40.18082094192505,0.7049266831916675,1.8781843159464644,9.04215407371521,0.0,0,0,0,0,2128,1624,1.889550784665365,1.442025598823568,51,1278,481.46268656716416,547.874858474092,300166.86054800625,0,0,0,0,0,0,0,0,0.7631578947368421,481.46268656716416,751.078947368421,128.17241379310346,2128,0,0,0,0,0,0,76,57082,58,7434,-1,-1,76,51,0.023580995765892235,0.026152697024168996,0.09305596351623535,3.1948089599609375e-05,4.178189939922756,2.747331378999656,8.970575094223022,1.5847969055175781
192.168.2.55-8.8.4.4-55703-443-17,192.168.2.55,55703,8.8.4.4,443,17,2026-02-02 20:35:38,11192972,34,35,5187,9364,1278,61,152.55882352941177,211.39511252300966,1278,50,267.54285714285714,311.7169359583552,1300.0120818635912,6.164582066427585,0.3331216235659016,1.2683276173895548,6.020116090774536,0.0,11.170249938964844,0.338492422392874,1.2734572883692135,6.005699872970581,8.678436279296875e-05,11.148898839950562,0.32790878941031065,1.2633070647836109,6.020116090774536,0.0,0,0,0,0,952,980,3.0376201486744625,3.1269619177531234,50,1278,210.8840579710145,273.153061950801,74612.5952530981,0,0,0,0,0,0,0,0,1.0294117647058822,210.8840579710145,152.55882352941177,267.54285714285714,952,0,0,0,0,0,0,34,5187,35,9364,-1,-1,34,50,0.013561402426825629,0.02145442687832269,0.10878992080688477,8.678436279296875e-05,5.2913548946380615,0.6874949932098389,5.9788498878479,4.603859901428223
192.168.2.55-49.213.95.187-13037-443-6,192.168.2.55,13037,49.213.95.187,443,6,2026-02-02 20:35:38,35147330,21,36,2522,31180,583,40,120.0952380952381,156.78523520192923,1438,40,866.1111111111111,634.5939111737249,958.8779561969346,1.6217448075255259,1.2776517261158336,5.650142576788079,30.00142788887024,0.0,35.13097095489502,1.7565485477447509,6.5666739862976105,30.00142788887024,5.698204040527344e-05,35.13987398147583,1.003996399470738,5.031881417825787,29.952970027923584,0.0,8,12,0,0,852,1452,0.5974849290883517,1.0242598784371744,40,1438,591.2631578947369,626.8163369134588,392898.7202216067,2,2,0,20,56,0,0,0,1.7142857142857142,591.2631578947369,120.0952380952381,866.1111111111111,852,0,0,0,0,0,0,21,2522,36,31180,64240,42340,21,40,0.008836305502689245,0.01795497228284344,0.07984304428100586,1.5974044799804688e-05,17.427865982055664,12.52510404586792,29.952970027923584,4.902761936187744
192.168.2.55-49.213.95.122-13038-443-6,192.168.2.55,13038,49.213.95.122,443,6,2026-02-02 20:35:38,34874228,17,25,2465,16007,590,40,145.0,173.89719748781937,1340,40,640.28,581.333055657426,529.6748074153942,1.2043277344871457,1.7429621517658234,6.506215765858577,29.758148908615112,0.0,34.86667203903198,2.179167002439499,7.2091449899329705,29.75814700126648,0.00012493133544921875,34.85181403160095,1.452158917983373,5.974290085634853,29.758148908615112,0.0,7,10,0,0,692,1004,0.4874659877686066,0.7168617467185391,40,1340,439.8095238095238,522.0156099698113,272500.2970521542,2,2,0,17,41,0,0,0,1.4705882352941178,439.8095238095238,145.0,640.28,692,0,0,0,0,0,0,17,2465,25,16007,64240,29200,17,40,0.017799368611088506,0.04333262903466397,0.22261714935302734,4.8160552978515625e-05,17.19682252407074,12.561276316642761,29.7580988407135,4.6355462074279785
192.168.2.55-49.213.95.122-13039-443-6,192.168.2.55,13039,49.213.95.122,443,6,2026-02-02 20:35:38,30158769,12,13,1776,3948,571,40,148.0,189.4166483355322,1438,40,303.6923076923077,448.7777220261521,189.7955442144351,0.8289462972328576,2.621187572893889,8.450928826110552,30.005282878875732,0.0,30.150463104248047,2.740951191295277,8.621755365426166,30.005282878875732,0.0002300739288330078,30.1368510723114,2.51140425602595,8.289726714789374,30.005246877670288,0.0,5,7,0,0,492,532,0.39789422267177166,0.43105207456108596,40,1438,228.96,357.7720480976679,128000.83839999998,2,2,0,12,24,0,0,0,1.0833333333333333,228.96,148.0,303.6923076923077,492,0,0,0,0,0,0,12,1776,13,3948,64240,42340,12,40,0.008531345261467827,0.01432914355562814,0.05553102493286133,4.1961669921875e-05,30.005204916000366,0,30.005204916000366,30.005204916000366
192.168.2.55-8.8.4.4-49437-443-17,192.168.2.55,49437,8.8.4.4,443,17,2026-02-02 20:35:41,124347,9,9,3422,3876,1278,61,380.22222222222223,485.83737054418117,1278,50,430.6666666666667,420.78550883371025,58690.163016989645,144.75512939241074,0.010479003190994263,0.015948083152032805,0.04164886474609375,0.0,0.08354306221008301,0.010442882776260376,0.015228536803517951,0.040760040283203125,0.00015783309936523438,0.0841209888458252,0.01051512360572815,0.016636459055444558,0.04164886474609375,0.0,0,0,0,0,252,252,72.37756469620537,72.37756469620537,50,1278,405.44444444444446,455.17618349897367,207185.35802469138,0,0,0,0,0,0,0,0,1.0,405.44444444444446,380.22222222222223,430.6666666666667,252,0,0,0,0,0,0,9,3422,9,3876,-1,-1,9,50,0.009565225014319787,0.014814997082056646,0.04080486297607422,0.00014400482177734375,0,0,0,0
192.168.2.55-49.213.95.184-13040-443-6,192.168.2.55,13040,49.213.95.184,443,6,2026-02-02 20:35:41,30090913,13,16,1508,5208,557,40,116.0,144.59758482928245,1438,40,325.5,463.0313164355085,223.19030290656548,0.9637460965292435,2.2285115983751087,7.843709376519528,29.96948504447937,0.0,30.090840101242065,2.5075700084368386,8.274468755442964,29.950791120529175,0.0001881122589111328,30.078973054885864,2.0052648703257243,7.473767034336396,29.96948504447937,0.0,5,7,0,0,532,652,0.43202411223724707,0.5317219842919964,40,1438,231.58620689655172,372.17798089747697,138516.4494649227,3,2,0,12,28,0,0,0,1.2307692307692308,231.58620689655172,116.0,325.5,532,0,0,0,0,0,0,13,1508,16,5208,64240,42340,13,40,0.007379582053736637,0.013314117346556138,0.05823183059692383,6.508827209472656e-05,29.950700998306274,0,29.950700998306274,29.950700998306274
192.168.2.55-199.232.214.248-13042-443-6,192.168.2.55,13042,199.232.214.248,443,6,2026-02-02 20:35:45,45351540,45,183,4570,253223,1438,40,101.55555555555556,241.72808925692206,1438,40,1383.7322404371585,259.5035179834758,5684.327356823255,5.027392665261284,0.40095557575732205,4.220480781787362,45.08641314506531,0.0,45.31122708320618,1.029800615527413,6.712431075976503,45.04608201980591,0.0,45.30473303794861,0.24892710460411324,3.332748941071573,45.08641314506531,0.0,3,83,0,0,1812,7344,0.9922485523542007,4.035144112907083,40,1438,1130.671052631579,570.9752979914595,326012.7909164359,0,2,0,86,227,0,0,0,4.066666666666666,1130.671052631579,101.55555555555556,1383.7322404371585,1812,0,0,0,0,0,0,45,4570,183,253223,64240,65535,45,40,0.003593624339384191,0.010051783870335573,0.052217960357666016,1.811981201171875e-05,45.04608201980591,0,45.04608201980591,45.04608201980591
192.168.2.55-199.232.214.250-13043-443-6,192.168.2.55,13043,199.232.214.250,443,6,2026-02-02 20:35:45,45382503,15,48,3452,52783,1438,40,230.13333333333333,374.94868389628414,1438,40,1099.6458333333333,587.0893774085614,1239.13394462839,1.3882002047050515,1.4867047716359623,8.049097176779114,45.20670294761658,0.0,45.34437799453735,3.238884142466954,11.638534982212052,45.20217490196228,0.0,45.34461307525635,0.9647790016011989,6.5231241274764145,45.20670294761658,0.0,6,21,0,0,612,1944,0.3305238582631075,1.0576763464419439,40,1438,892.6190476190476,658.2051214168804,433233.9818594103,0,2,0,27,62,0,0,0,3.2,892.6190476190476,230.13333333333333,1099.6458333333333,612,0,0,0,0,0,0,15,3452,48,52783,64240,65535,15,40,0.010696256160736084,0.01702578477423548,0.050276994705200195,4.696846008300781e-05,45.168577909469604,0,45.168577909469604,45.168577909469604
1.1.1.1-192.168.2.55-53-53774-17,192.168.2.55,53774,1.1.1.1,53,17,2026-02-02 20:35:47,47116,1,1,66,146,66,66,66.0,0,146,146,146.0,0,4499.52913434437,42.44838805985255,0,0,0,0,0,0,0,0,0,0,0,0,0,0,0,0,0,0,28,28,21.224194029926274,21.224194029926274,66,146,106.0,40.0,1600.0,0,0,0,0,0,0,0,0,1.0,106.0,66.0,146.0,28,0,0,0,0,0,0,1,66,1,146,-1,-1,1,66,0.04711604118347168,0,0.04711604118347168,0.04711604118347168,0,0,0,0
1.1.1.1-192.168.2.55-53-55958-17,192.168.2.55,55958,1.1.1.1,53,17,2026-02-02 20:35:47,46860,1,1,66,115,66,66,66.0,0,115,115,115.0,0,3862.492426824863,42.6794743295565,0,0,0,0,0,0,0,0,0,0,0,0,0,0,0,0,0,0,28,28,21.33973716477825,21.33973716477825,66,115,90.5,24.5,600.25,0,0,0,0,0,0,0,0,1.0,90.5,66.0,115.0,28,0,0,0,0,0,0,1,66,1,115,-1,-1,1,66,0.04686093330383301,0,0.04686093330383301,0.04686093330383301,0,0,0,0
192.168.2.55-42.119.185.88-13044-443-6,192.168.2.55,13044,42.119.185.88,443,6,2026-02-02 20:35:49,45106450,14,41,1668,43001,670,40,119.14285714285714,166.04640364447917,1438,40,1048.8048780487804,585.6823504135674,990.3018286722348,1.2193378087034166,1.7018433606849526,8.577235088252351,45.01827597618103,0.0,45.099465131759644,3.469189625519973,11.992152509719626,45.01121401786804,0.0001049041748046875,45.09823298454285,1.127455824613571,7.028157797923345,45.01827597618103,0.0,5,14,0,0,584,1664,0.31037689676086966,0.9089609119425469,40,1438,812.1636363636363,653.2412547133747,426724.13685950416,0,2,0,19,54,0,0,0,2.9285714285714284,812.1636363636363,119.14285714285714,1048.8048780487804,584,0,0,0,0,0,0,14,1668,41,43001,64240,64240,14,40,0.004535050619216193,0.006187068922045418,0.0189821720123291,2.5033950805664062e-05,45.01121401786804,0,45.01121401786804,45.01121401786804
192.168.2.55-34.54.84.110-13045-443-6,192.168.2.55,13045,34.54.84.110,443,6,2026-02-02 20:35:55,736078,24,32,4493,21046,1438,40,187.20833333333334,312.0396581588451,1438,40,657.6875,658.3576838191759,34696.00515395297,76.07879277267575,0.026527409200315124,0.060248170147797174,0.320537805557251,0.0,0.7360789775848389,0.032003433808036476,0.061315651162461106,0.2715790271759033,0.0,0.6964011192321777,0.022464552233296055,0.05911690198111754,0.320537805557251,0.0,13,14,0,0,984,1304,32.60519690257532,43.47359587010043,40,1438,456.05357142857144,586.1866907528832,343614.8364158164,2,2,0,27,55,0,0,0,1.3333333333333333,456.05357142857144,187.20833333333334,657.6875,984,0,0,0,0,0,0,24,4493,32,21046,64240,65535,24,40,0.019370499410127338,0.0462962301237364,0.2715790271759033,3.695487976074219e-05,0,0,0,0
192.168.2.55-35.215.189.119-60577-50004-17,192.168.2.55,60577,35.215.189.119,50004,17,2026-02-02 20:36:10,31850950,30,931,1810,178867,102,36,60.333333333333336,19.596484945576904,352,36,192.12352309344791,75.03333161837628,5672.57788464899,30.171783609134973,0.06586967867034817,0.25216113477656493,3.0285909175872803,0.0,31.850950956344604,1.0983086536670554,0.7728228516710665,3.0285909175872803,0.04301714897155762,31.318070888519287,0.033675345041418586,0.1125555765284522,0.9029629230499268,0.0,0,0,0,0,840,26068,0.9418871053840262,29.229896503750947,36,352,188.00936524453695,77.40487039042829,5991.513960159001,0,0,0,0,0,0,0,0,31.033333333333335,188.00936524453695,60.333333333333336,192.12352309344791,840,0,0,0,0,0,0,30,1810,931,178867,-1,-1,30,36,0.035233352827814826,0.10117196042634417,0.9029629230499268,0.00010013580322265625,0,0,0,0
192.168.2.55-34.54.84.110-13047-443-6,192.168.2.55,13047,34.54.84.110,443,6,2026-02-02 20:36:23,1936553,26,47,5333,37138,1438,40,205.1153846153846,315.9772785067692,1438,40,790.1702127659574,659.1584679887161,21931.23553510425,37.69584408331827,0.05342694403420032,0.14891549787995584,0.753737211227417,0.0,1.8983650207519531,0.07593460083007812,0.17643067600264215,0.7502648830413818,0.0,1.8949480056762695,0.041194521862527596,0.1299448947503266,0.753737211227417,0.0,16,22,0,0,1064,1892,13.425917070770891,24.26992701254738,40,1438,581.7945205479452,627.527589502178,393790.87558641395,0,2,0,38,72,0,0,0,1.8076923076923077,581.7945205479452,205.1153846153846,790.1702127659574,1064,0,0,0,0,0,0,26,5333,47,37138,64240,65535,26,40,0.047233000034239234,0.13137726307073266,0.7147970199584961,2.9087066650390625e-05,0,0,0,0
192.168.2.55-8.8.8.8-58448-53-17,192.168.2.55,58448,8.8.8.8,53,17,2026-02-02 20:36:42,45134,1,1,76,108,76,76,76.0,0,108,108,108.0,0,4076.7431354526534,44.31242538535493,0,0,0,0,0,0,0,0,0,0,0,0,0,0,0,0,0,0,28,28,22.156212692677464,22.156212692677464,76,108,92.0,16.0,256.0,0,0,0,0,0,0,0,0,1.0,92.0,76.0,108.0,28,0,0,0,0,0,0,1,76,1,108,-1,-1,1,76,0.04513406753540039,0,0.04513406753540039,0.04513406753540039,0,0,0,0
104.18.157.37-192.168.2.55-443-13050-6,192.168.2.55,13050,104.18.157.37,443,6,2026-02-02 20:36:42,707282,15,23,3208,22527,557,40,213.86666666666667,180.38805084841096,1438,40,979.4347826086956,561.1557038893585,36385.7663364521,53.726796999618415,0.03826125462849935,0.07922540834346656,0.41300487518310547,0.0,0.7072820663452148,0.05052014759608677,0.06611846556681955,0.2652168273925781,0.0001480579376220703,0.6701231002807617,0.030460140921852806,0.08562976391195454,0.41300487518310547,0.0,8,12,0,0,624,944,21.2079461840599,32.518850815558515,40,1438,677.2368421052631,586.0622579740199,343468.97022160667,0,2,0,20,37,0,0,0,1.5333333333333334,677.2368421052631,213.86666666666667,979.4347826086956,624,0,0,0,0,0,0,15,3208,23,22527,64240,65535,15,40,0.027203156397892878,0.052027288528014595,0.2652168273925781,3.600120544433594e-05,0,0,0,0
192.168.2.55-8.8.8.8-55472-53-17,192.168.2.55,55472,8.8.8.8,53,17,2026-02-02 20:36:42,1,1,0,72,0,72,72,72.0,0,0,0,0,0,72000000.0,1000000.0,0,0,0,0,0,0,0,0,0,0,0,0,0,0,0,0,0,0,28,0,1000000.0,0.0,72,72,72.0,0,0,0,0,0,0,0,0,0,0,0.0,72.0,72.0,0,28,0,0,0,0,0,0,1,72,0,0,-1,-1,1,72,0,0,0,0,0,0,0,0
1.1.1.1-192.168.2.55-53-55472-17,192.168.2.55,55472,1.1.1.1,53,17,2026-02-02 20:36:42,1,1,0,72,0,72,72,72.0,0,0,0,0,0,72000000.0,1000000.0,0,0,0,0,0,0,0,0,0,0,0,0,0,0,0,0,0,0,28,0,1000000.0,0.0,72,72,72.0,0,0,0,0,0,0,0,0,0,0,0.0,72.0,72.0,0,28,0,0,0,0,0,0,1,72,0,0,-1,-1,1,72,0,0,0,0,0,0,0,0
192.168.2.55-35.215.189.119-62822-50004-17,35.215.189.119,50004,192.168.2.55,62822,17,2026-02-02 20:34:17,53657540,1664,40,355469,2360,371,36,213.6231971153846,93.93881225282104,88,36,59.0,18.627936010197157,6668.755210301292,31.756953400516455,0.06215117330696832,0.284929054964533,4.86852502822876,0.0,53.65754008293152,0.03226550816772791,0.10943567317245614,1.1484270095825195,0.0,52.123756885528564,1.3365065868084247,1.170570389914266,4.86852502822876,0.011717081069946289,0,0,0,0,46592,1120,31.01148501083297,0.7454683896834848,36,371,209.99354460093898,95.7786624900075,9173.552188374772,0,0,0,0,0,0,0,0,0.02403846153846154,209.99354460093898,213.6231971153846,59.0,46592,0,0,0,0,0,0,1664,355469,40,2360,-1,-1,1664,36,0.03346661126408477,0.10201260325357335,0.8999319076538086,3.504753112792969e-05,1.1484270095825195,0,1.1484270095825195,1.1484270095825195
162.159.136.234-192.168.2.55-443-12797-6,162.159.136.234,443,192.168.2.55,12797,6,2026-02-02 20:34:17,144952795,695,500,212669,28066,1438,40,305.9985611510791,263.3536424755199,1438,40,56.132,139.75718434484858,1660.7820494413918,8.244063177695239,0.24296150303446537,0.26036068260014084,1.682499885559082,0.0,144.90033197402954,0.20879010370897627,0.25146331012274237,1.682499885559082,0.0,144.95274114608765,0.29048645520258043,0.2650255351847731,1.678717851638794,0.0,674,11,0,0,27836,20012,4.794664358575892,3.4493988191193465,40,1438,201.4518828451883,252.3913212959046,63701.37906549255,0,0,0,685,1195,0,0,0,0.7194244604316546,201.4518828451883,305.9985611510791,56.132,27836,0,0,0,0,0,0,695,212669,500,28066,16,8681,695,40,0.11546291584438748,0.15610052590164797,0.9725050926208496,1.0013580322265625e-05,1.2547512253125508,0.1925923803391987,1.6335928440093994,1.0262928009033203
192.168.2.55-64.233.189.188-8590-5228-6,192.168.2.55,8590,64.233.189.188,5228,6,2026-02-02 20:34:17,135345579,4,4,164,208,41,41,41.0,0.0,52,52,52.0,0.0,2.7485197694934405,0.059107952032116995,45.09073317050934,0.01118538752151414,45.099454164505005,45.07489991188049,135.27376508712769,45.091255029042564,0.011564827671307416,45.099454164505005,45.07489991188049,135.27063393592834,45.09021131197611,0.010767352334183853,45.09816384315491,45.07498908042908,0,0,0,0,160,208,0.029553976016058497,0.029553976016058497,41,52,46.5,5.5,30.25,0,0,0,0,8,0,0,0,1.0,46.5,41.0,52.0,160,0,0,0,0,0,0,4,164,4,208,509,1047,4,41,0.07287484407424927,0.0012994015256258804,0.07494521141052246,0.07172489166259766,45.01802659034729,0.01053249523596718,45.02643895149231,45.003175020217896
172.253.144.95-192.168.2.55-443-13019-6,192.168.2.55,13019,172.253.144.95,443,6,2026-02-02 20:34:18,135357397,4,4,164,208,41,41,41.0,0.0,52,52,52.0,0.0,2.7482797987139214,0.05910279137019185,45.10537834962209,0.00818888835741859,45.11449599266052,45.093992948532104,135.31746006011963,45.10582002003988,0.008293884790987588,45.11449599266052,45.09464621543884,135.31481003761292,45.10493667920431,0.008058356818760408,45.11316204071045,45.093992948532104,0,0,0,0,160,208,0.029551395685095926,0.029551395685095926,41,52,46.5,5.5,30.25,0,0,0,0,8,0,0,0,1.0,46.5,41.0,52.0,160,0,0,0,0,0,0,4,164,4,208,8235,1043,4,41,0.04109424352645874,0.0009794511829297947,0.0425870418548584,0.03993701934814453,45.064340035120644,0.007927466113517455,45.071908950805664,45.05339312553406
162.159.138.232-192.168.2.55-443-54546-17,192.168.2.55,54546,162.159.138.232,443,17,2026-02-02 20:34:20,132959138,121,128,70097,48896,1278,73,579.3140495867768,531.2792923659118,1228,50,382.0,462.3596577611416,894.9591657338467,1.8727558114151912,1.0763179956660096,2.2630913514379083,10.182305097579956,0.0,132.95913887023926,1.1079928239186605,2.2768389883921074,10.131584167480469,5.0067901611328125e-05,132.89140605926514,1.046389024088702,2.249614526179283,10.182305097579956,0.0,0,0,0,0,3388,3584,0.9100540288403137,0.9627017825748774,50,1278,477.8835341365462,506.7346430666601,256779.9984838954,0,0,0,0,0,0,0,0,1.0578512396694215,477.8835341365462,579.3140495867768,382.0,3388,0,0,0,0,0,0,121,70097,128,48896,-1,-1,121,50,0.07253263610424382,0.13853062929113322,0.9451560974121094,5.0067901611328125e-05,4.929481099049251,2.738016441139541,10.131584167480469,1.0048980712890625
162.159.128.235-192.168.2.55-443-12826-6,192.168.2.55,12826,162.159.128.235,443,6,2026-02-02 20:34:20,137662351,22,22,1683,1496,113,40,76.5,36.5,96,40,68.0,28.0,23.092733589626906,0.31962261023705063,6.553326527277629,6.733602041810115,14.652658939361572,0.07364106178283691,137.6623511314392,6.555350053878057,6.686592276336984,14.541742086410522,0.16329121589660645,137.5773630142212,6.5513030006771995,6.780285278338184,14.652658939361572,0.07364106178283691,11,11,0,0,880,880,0.15981130511852532,0.15981130511852532,40,113,72.25,32.80529682840867,1076.1875,0,0,0,22,44,0,0,0,1.0,72.25,76.5,68.0,880,0,0,0,0,0,0,22,1683,22,1496,510,18,22,40,0.06217796152288264,0.028722011878612026,0.18802285194396973,0.037487030029296875,13.561047840118409,0.43952724009138244,14.541742086410522,12.605822086334229
142.250.197.234-192.168.2.55-443-13012-6,192.168.2.55,13012,142.250.197.234,443,6,2026-02-02 20:34:22,119663935,11,11,472,536,64,40,42.90909090909091,6.680426571226849,52,40,48.72727272727273,5.344341256981479,8.423590553168797,0.18384820651757294,11.961616742610932,5.989034800605104,15.205157995223999,0.0,119.61646890640259,11.961646890640258,5.994558216033294,15.205157995223999,7.796287536621094e-05,119.61586594581604,11.961586594581604,5.983506286324762,15.198881149291992,0.0,1,0,0,0,440,536,0.09192410325878647,0.09192410325878647,40,64,45.81818181818182,6.7125145243544475,45.05785123966942,2,0,2,1,20,0,0,0,1.0,45.81818181818182,42.90909090909091,48.72727272727273,440,0,0,0,0,0,0,11,472,11,536,509,1047,11,40,0.03423521916071574,0.01942961919832936,0.04870486259460449,7.200241088867188e-05,14.906639158725739,0.46154491578995704,15.156453132629395,13.691686153411865
142.250.197.74-192.168.2.55-443-13011-6,192.168.2.55,13011,142.250.197.74,443,6,2026-02-02 20:34:23,119694225,11,11,472,536,64,40,42.90909090909091,6.680426571226849,52,40,48.72727272727273,5.344341256981479,8.421458924909755,0.18380168288493515,11.965052008628845,5.980866111372558,15.059150218963623,0.0,119.64654016494751,11.964654016494752,5.986406251493945,15.059150218963623,6.914138793945312e-05,119.6545000076294,11.965450000762939,5.975320808091239,15.056939125061035,0.0,1,0,0,0,440,536,0.09190084144246757,0.09190084144246757,40,64,45.81818181818182,6.7125145243544475,45.05785123966942,2,0,2,1,20,0,0,0,1.0,45.81818181818182,42.90909090909091,48.72727272727273,440,0,0,0,0,0,0,11,472,11,536,511,1047,11,40,0.03152660528818766,0.018416963478409643,0.048439979553222656,6.914138793945312e-05,14.914488226175308,0.2473112070430163,15.015726089477539,14.26027798652649
192.168.2.55-34.54.84.110-13023-443-6,192.168.2.55,13023,34.54.84.110,443,6,2026-02-02 20:34:23,19670692,28,47,3811,31852,716,40,136.10714285714286,185.3722778021326,1438,40,677.7021276595744,666.9974613143054,1813.0017149776354,3.8127787517405336,0.5381826146008217,2.850933646470823,17.501588821411133,0.0,19.670692920684814,0.7285441822475858,3.293438548579637,17.496052026748657,3.600120544433594e-05,19.61663794517517,0.4264486509820689,2.549153495137106,17.501588821411133,0.0,16,22,0,0,1120,1880,1.4234374006497992,2.3893413510907346,40,1438,475.50666666666666,600.2073280310915,360248.8366222222,2,0,0,38,75,0,0,0,1.6785714285714286,475.50666666666666,136.10714285714286,677.7021276595744,1120,0,0,0,0,0,0,28,3811,47,31852,510,1044,28,40,0.04267826905617347,0.12460199914476856,0.8385629653930664,1.8835067749023438e-05,17.451422929763794,0,17.451422929763794,17.451422929763794
192.168.2.55-49.213.95.30-9858-443-6,49.213.95.30,443,192.168.2.55,9858,6,2026-02-02 20:34:23,120934459,11,13,3141,959,1438,40,285.54545454545456,430.94871317644026,225,40,73.76923076923077,52.18628444355536,33.90266121667898,0.19845460224397451,10.98994791507721,15.280181510778991,45.02466106414795,0.0,120.88830804824829,12.088830804824829,15.625531921894678,45.02466106414795,0.0,120.89054608345032,10.07421217362086,14.924633039035061,44.964569091796875,0.05209803581237793,7,5,0,0,452,520,0.09095835936182166,0.10749624288215286,40,1438,170.83333333333334,312.61766673615165,97729.80555555556,0,0,0,12,24,0,0,0,1.1818181818181819,170.83333333333334,285.54545454545456,73.76923076923077,452,0,0,0,0,0,0,11,3141,13,959,144,513,11,40,0.08510334151131767,0.2053742581909452,0.8227989673614502,5.888938903808594e-05,19.957168738047283,15.81312933271998,44.964569091796875,1.396017074584961
192.168.2.55-8.8.4.4-63175-443-17,192.168.2.55,63175,8.8.4.4,443,17,2026-02-02 20:34:23,112043,11,11,3548,3983,1278,61,322.54545454545456,456.25697775712547,1278,51,362.09090909090907,408.1328782161415,67214.75110757406,196.35168295931874,0.008011794090270996,0.015169460352431604,0.04362201690673828,0.0,0.11204385757446289,0.011204385757446289,0.017194262270738843,0.04362201690673828,0.0001571178436279297,0.04819202423095703,0.004819202423095703,0.012008210383999822,0.04049205780029297,0.0,0,0,0,0,308,308,98.17584147965937,98.17584147965937,51,1278,342.3181818181818,433.3155879498574,187762.3987603306,0,0,0,0,0,0,0,0,1.0,342.3181818181818,322.54545454545456,362.09090909090907,308,0,0,0,0,0,0,11,3548,11,3983,-1,-1,11,51,0.007469590504964193,0.012376245587620722,0.04239988327026367,0.00010418891906738281,0,0,0,0
192.168.2.55-49.213.95.137-13026-443-6,192.168.2.55,13026,49.213.95.137,443,6,2026-02-02 20:34:23,32287090,16,16,3063,4482,593,40,191.4375,216.82711106720487,1438,40,280.125,414.572049678943,233.68472718078027,0.9911081868502277,2.1517099301020304,7.464511466798122,30.00789499282837,0.0,32.27780890464783,2.151853926976522,7.4644228553480785,30.007892847061157,6.29425048828125e-05,32.273488998413086,2.151565933227539,7.464600074418478,30.00789499282837,0.0,8,8,0,0,652,652,0.49555409342511386,0.49555409342511386,40,1438,235.78125,333.7789064612045,111408.3583984375,2,2,0,16,31,0,0,0,1.0,235.78125,191.4375,280.125,652,0,0,0,0,0,0,16,3063,16,4482,64240,42340,16,40,0.004892804405905984,0.008821295145616626,0.039823055267333984,6.29425048828125e-05,16.08972454071045,13.91807246208191,30.00779700279236,2.17165207862854
142.250.197.74-192.168.2.55-443-13009-6,192.168.2.55,13009,142.250.197.74,443,6,2026-02-02 20:34:25,118964954,11,11,472,536,64,40,42.90909090909091,6.680426571226849,52,40,48.72727272727273,5.344341256981479,8.473083533256101,0.1849284104480498,11.891502392292022,5.976622981680854,15.202316045761108,0.0,118.9127209186554,11.89127209186554,5.982270921840819,15.201974153518677,4.696846008300781e-05,118.91732692718506,11.891732692718506,5.970969690254062,15.202316045761108,0.0,1,0,0,0,440,536,0.0924642052240249,0.0924642052240249,40,64,45.81818181818182,6.7125145243544475,45.05785123966942,2,0,2,1,20,0,0,0,1.0,45.81818181818182,42.90909090909091,48.72727272727273,440,0,0,0,0,0,0,11,472,11,536,513,1044,11,40,0.03456544876098633,0.020053080422474726,0.05223393440246582,4.315376281738281e-05,14.818771183490753,0.7389551552036142,15.157425165176392,12.867614984512329
192.168.2.55-35.186.224.35-9171-443-6,192.168.2.55,9171,35.186.224.35,443,6,2026-02-02 20:34:25,117841084,9,9,500,2074,75,40,55.55555555555556,17.391639824998364,460,40,230.44444444444446,183.8828800629545,21.842976080342144,0.1527480844779171,14.724770501255989,12.483552528163962,30.042219877243042,0.13112998008728027,117.80265307426453,14.725331634283066,12.473206931986498,30.015124082565308,0.1367640495300293,117.7936749458313,14.724209368228912,12.493889532445895,30.042219877243042,0.13112998008728027,4,5,0,0,360,360,0.07637404223895855,0.07637404223895855,40,460,143.0,157.17576855934956,24704.222222222223,0,0,0,9,18,0,0,0,1.0,143.0,55.55555555555556,230.44444444444446,360,0,0,0,0,0,0,9,500,9,2074,511,1050,9,40,0.04906244277954101,0.013386964669229553,0.08634591102600098,0.03818702697753906,16.764351504189626,11.974640570226033,29.974207878112793,2.470460891723633
192.168.2.55-8.8.4.4-62571-443-17,192.168.2.55,62571,8.8.4.4,443,17,2026-02-02 20:34:26,160070,16,17,4253,5305,1278,61,265.8125,390.1801216665836,1278,50,312.05882352941177,362.7787318800515,59711.04198181076,206.15865091020666,0.008680320555163969,0.014854993203916185,0.04454493522644043,0.0,0.1503438949584961,0.010022926330566406,0.014618991986424372,0.04198098182678223,0.00011205673217773438,0.11874604225158691,0.007421627640724182,0.014963881171810932,0.04454493522644043,0.0,0,0,0,0,448,476,99.9557095322214,106.20294137798524,50,1278,289.6363636363636,377.02261150596377,142146.04958677688,0,0,0,0,0,0,0,0,1.0625,289.6363636363636,265.8125,312.05882352941177,448,0,0,0,0,0,0,16,4253,17,5305,-1,-1,16,50,0.006959604180377462,0.012139675597385527,0.04067087173461914,8.106231689453125e-05,0,0,0,0
14.238.122.124-192.168.2.55-443-13027-6,192.168.2.55,13027,14.238.122.124,443,6,2026-02-02 20:34:26,10056699,13,15,1560,5321,557,40,120.0,149.9748696897635,1438,40,354.73333333333335,472.86227264277375,684.2204705324029,2.784213511830734,0.7727173475118784,2.656819194990423,9.999722003936768,0.0,10.042654037475586,0.8368878364562988,2.7627019809303524,9.999722003936768,8.487701416015625e-05,10.047996997833252,0.7177140712738037,2.5613034909145855,9.952506065368652,0.0,5,7,0,0,532,612,1.2926705590642693,1.4915429527664648,40,1438,245.75,379.3845227093859,143932.61607142858,2,2,0,12,27,0,0,0,1.1538461538461537,245.75,120.0,354.73333333333335,532,0,0,0,0,0,0,13,1560,15,5321,64240,29200,13,40,0.005209696292877197,0.01064920876712687,0.04710197448730469,2.8848648071289062e-05,9.952506065368652,0,9.952506065368652,9.952506065368652
14.238.143.151-192.168.2.55-443-13028-6,192.168.2.55,13028,14.238.143.151,443,6,2026-02-02 20:34:26,135403949,42,117,2712,154363,557,40,64.57142857142857,90.46497424211125,1438,40,1319.3418803418804,374.4983233993752,1160.0474072889776,1.1742641270663534,1.724512795733798,8.632529685418781,45.04052400588989,0.0,135.3740270137787,3.301805536921431,11.723429221798789,45.04052400588989,0.00011301040649414062,135.3744819164276,1.1670213958312725,7.1478743130592335,45.03652215003967,0.0,5,58,0,0,1692,4728,0.3101829769609235,0.8640811501054297,40,1438,987.8930817610063,641.4029394279816,411397.730706855,0,2,0,63,158,0,0,0,2.7857142857142856,987.8930817610063,64.57142857142857,1319.3418803418804,1692,0,0,0,0,0,0,42,2712,117,154363,64240,21900,42,40,0.0051358436283312344,0.011075043778452231,0.059942007064819336,2.47955322265625e-05,45.004541635513306,0.0034953411874953473,45.008893966674805,45.000335931777954
192.168.2.55-192.168.3.255-57621-57621-17,192.168.2.55,57621,192.168.3.255,57621,17,2026-02-02 20:34:28,117540202,10,0,720,0,72,72,72.0,0.0,0,0,0,0,6.125563738077215,0.08507727413996133,13.06002246008979,12.231050891990256,30.009961128234863,0.0158231258392334,117.5402021408081,13.06002246008979,12.231050891990256,30.009961128234863,0.0158231258392334,0,0,0,0,0,0,0,0,0,280,0,0.08507727413996133,0.0,72,72,72.0,0.0,0.0,0,0,0,0,0,0,0,0,0.0,72.0,72.0,0,280,0,0,0,0,0,0,10,720,0,0,-1,-1,10,72,0.0158231258392334,0,0.0158231258392334,0.0158231258392334,14.690547376871109,12.015445398509371,30.009961128234863,3.011204957962036
14.238.143.173-192.168.2.55-443-12993-6,192.168.2.55,12993,14.238.143.173,443,6,2026-02-02 20:34:28,75798529,4,5,162,248,41,40,40.5,0.5,64,40,49.6,8.97997772825746,5.409075936010659,0.11873581322950227,21.646171740123204,19.504700185962374,45.04714798927307,0.0,75.76380205154419,25.254600683848064,18.79154459071127,45.04714798927307,0.00011992454528808594,75.75940012931824,18.93985003232956,19.59150245658727,45.041342973709106,0.0,0,1,0,0,160,224,0.05277147254644545,0.06596434068305682,40,64,45.55555555555556,8.084431006036109,65.35802469135803,2,0,0,1,9,0,0,0,1.25,45.55555555555556,40.5,49.6,160,0,0,0,0,0,0,4,162,5,248,513,21,4,40,0.021471834182739256,0.017563371538552305,0.039129018783569336,5.91278076171875e-05,37.845584988594055,7.162433981895447,45.0080189704895,30.68315100669861
1.1.1.1-192.168.2.55-53-49989-17,192.168.2.55,49989,1.1.1.1,53,17,2026-02-02 20:34:29,52152,1,1,64,144,64,64,64.0,0,144,144,144.0,0,3988.329776631831,38.349324775306066,0,0,0,0,0,0,0,0,0,0,0,0,0,0,0,0,0,0,28,28,19.174662387653033,19.174662387653033,64,144,104.0,40.0,1600.0,0,0,0,0,0,0,0,0,1.0,104.0,64.0,144.0,28,0,0,0,0,0,0,1,64,1,144,-1,-1,1,64,0.052152156829833984,0,0.052152156829833984,0.052152156829833984,0,0,0,0
1.1.1.1-192.168.2.55-53-64275-17,192.168.2.55,64275,1.1.1.1,53,17,2026-02-02 20:34:29,52002,1,1,64,188,64,64,64.0,0,188,188,188.0,0,4845.88296136001,38.4593885822223,0,0,0,0,0,0,0,0,0,0,0,0,0,0,0,0,0,0,28,28,19.22969429111115,19.22969429111115,64,188,126.0,62.0,3844.0,0,0,0,0,0,0,0,0,1.0,126.0,64.0,188.0,28,0,0,0,0,0,0,1,64,1,188,-1,-1,1,64,0.052002906799316406,0,0.052002906799316406,0.052002906799316406,0,0,0,0
192.168.2.55-224.0.0.251-5353-5353-17,192.168.2.55,5353,224.0.0.251,5353,17,2026-02-02 20:34:29,120001304,2,0,146,0,73,73,73.0,0.0,0,0,0,0,1.216653444182198,0.016666485536742437,120.00130414962769,0,120.00130414962769,120.00130414962769,120.00130414962769,120.00130414962769,0,120.00130414962769,120.00130414962769,0,0,0,0,0,0,0,0,0,56,0,0.016666485536742437,0.0,73,73,73.0,0.0,0.0,0,0,0,0,0,0,0,0,0.0,73.0,73.0,0,56,0,0,0,0,0,0,2,146,0,0,-1,-1,2,73,0,0,0,0,120.00130414962769,0,120.00130414962769,120.00130414962769
162.159.133.233-192.168.2.55-443-49167-17,192.168.2.55,49167,162.159.133.233,443,17,2026-02-02 20:34:29,244275,10,10,4967,4870,1278,71,496.7,539.4690074508451,1228,50,487.0,537.3788235500167,40270.17194435877,81.87490483756993,0.022308005226982966,0.03230804350079851,0.09958195686340332,0.0,0.24427509307861328,0.027141677008734807,0.0335793739903951,0.09802794456481934,9.918212890625e-05,0.15726900100708008,0.01747433344523112,0.030221122188375905,0.09958195686340332,0.0,0,0,0,0,280,280,40.937452418784964,40.937452418784964,50,1278,491.85,538.4467731354698,289924.92750000005,0,0,0,0,0,0,0,0,1.0,491.85,496.7,487.0,280,0,0,0,0,0,0,10,4967,10,4870,-1,-1,10,50,0.016285006205240884,0.0201077390206276,0.061618804931640625,9.918212890625e-05,0,0,0,0
192.168.2.55-239.255.255.250-58010-1900-17,192.168.2.55,58010,239.255.255.250,1900,17,2026-02-02 20:34:31,120014538,2,0,306,0,153,153,153.0,0.0,0,0,0,0,2.5496911038668144,0.0166646477376916,120.01453804969788,0,120.01453804969788,120.01453804969788,120.01453804969788,120.01453804969788,0,120.01453804969788,120.01453804969788,0,0,0,0,0,0,0,0,0,56,0,0.0166646477376916,0.0,153,153,153.0,0.0,0.0,0,0,0,0,0,0,0,0,0.0,153.0,153.0,0,56,0,0,0,0,0,0,2,306,0,0,-1,-1,2,153,0,0,0,0,120.01453804969788,0,120.01453804969788,120.01453804969788
104.199.241.202-192.168.2.55-4070-9170-6,192.168.2.55,9170,104.199.241.202,4070,6,2026-02-02 20:34:31,82155660,9,9,395,2233,52,40,43.888888888888886,5.506449641495052,353,51,248.11111111111111,124.95194137875966,31.988057732405665,0.21909628583839497,10.255573377013206,17.94119744236356,56.74935293197632,0.02037501335144043,82.1556601524353,10.269457519054413,17.955560942859453,56.74935293197632,0.02037501335144043,81.933513879776,10.241689234972,17.926811680279492,56.667840003967285,0.15195798873901367,1,9,0,0,384,360,0.10954814291919748,0.10954814291919748,40,353,146.0,135.0863921101357,18248.333333333332,0,0,0,10,18,0,0,0,1.0,146.0,43.888888888888886,248.11111111111111,384,0,0,0,0,0,0,9,395,9,2233,510,11,9,40,0.07747932275136311,0.05938206577431696,0.15582895278930664,3.1948089599609375e-05,16.24518165588379,20.40359318042295,56.6161630153656,3.032849073410034
192.168.2.55-40.99.10.114-12770-443-6,192.168.2.55,12770,40.99.10.114,443,6,2026-02-02 20:34:32,90261624,3,3,123,156,41,41,41.0,0.0,52,52,52.0,0.0,3.091014623198274,0.06647343275695212,45.10930049419403,0.016892057912264672,45.12836289405823,45.08823108673096,90.22060799598694,45.11030399799347,0.012885212898254395,45.123189210891724,45.097418785095215,90.21659398078918,45.10829699039459,0.020065903663635254,45.12836289405823,45.08823108673096,0,0,0,0,120,156,0.03323671637847606,0.03323671637847606,41,52,46.5,5.5,30.25,0,0,0,0,6,0,0,0,1.0,46.5,41.0,52.0,120,0,0,0,0,0,0,3,123,3,156,511,251,3,41,0.045416673024495445,0.0037608083756871993,0.050203800201416016,0.0410161018371582,45.062687039375305,0.015472054481506348,45.07815909385681,45.0472149848938
192.168.2.55-40.99.33.146-12771-443-6,192.168.2.55,12771,40.99.33.146,443,6,2026-02-02 20:34:33,90156371,3,3,123,156,41,41,41.0,0.0,52,52,52.0,0.0,3.094623201122434,0.06655103658327816,45.05271673202515,0.00799878290991946,45.06238889694214,45.04044508934021,90.10803294181824,45.05401647090912,0.0020493268966674805,45.056065797805786,45.05196714401245,90.10283398628235,45.051416993141174,0.010971903800964355,45.06238889694214,45.04044508934021,0,0,0,0,120,156,0.03327551829163908,0.03327551829163908,41,52,46.5,5.5,30.25,0,0,0,0,6,0,0,0,1.0,46.5,41.0,52.0,120,0,0,0,0,0,0,3,123,3,156,513,16388,3,41,0.046597957611083984,0.006494857844292587,0.053537845611572266,0.037917137145996094,45.008288979530334,0.0057610273361206055,45.014050006866455,45.002527952194214
192.168.2.55-35.186.224.39-12799-443-6,192.168.2.55,12799,35.186.224.39,443,6,2026-02-02 20:34:40,120148552,10,10,615,600,83,40,61.5,21.5,80,40,60.0,20.0,10.11248140707066,0.16646059929334422,13.34499462445577,14.81805240100192,30.045646905899048,0.00011301040649414062,120.14855217933655,13.349839131037394,14.76147313608859,29.874392986297607,0.13362717628479004,120.06135106086731,13.340150117874146,14.87441487359165,30.045646905899048,0.00011301040649414062,5,5,0,0,400,400,0.08323029964667211,0.08323029964667211,40,83,60.75,20.777090749188154,431.6875,0,0,0,10,20,0,0,0,1.0,60.75,61.5,60.0,400,0,0,0,0,0,0,10,615,10,600,511,1044,10,40,0.048930692672729495,0.02532787843023918,0.1309218406677246,0.00011301040649414062,29.8536479473114,0.024885353619442517,29.874392986297607,29.811112880706787
192.168.2.55-35.186.224.39-12801-443-6,192.168.2.55,12801,35.186.224.39,443,6,2026-02-02 20:34:40,120203835,21,29,1055,20699,83,40,50.23809523809524,18.31446152999828,1438,40,713.7586206896551,615.2406120385306,180.97592309009596,0.41596010639444686,5.005474021037419,9.025734526642678,29.93744707107544,0.0,120.20383501052856,6.010191750526428,9.548248372894536,29.794965028762817,0.0062580108642578125,120.05891799926758,4.2878184999738425,8.561282241118207,29.93744707107544,0.0,5,24,0,0,840,1160,0.1747032446856677,0.2412568617087792,40,1438,435.08,571.7781681736371,326930.2736,0,0,0,29,50,0,0,0,1.380952380952381,435.08,50.23809523809524,713.7586206896551,840,0,0,0,0,0,0,21,1055,29,20699,512,1043,21,40,0.07528465323978001,0.12382099342203828,0.7321341037750244,3.1948089599609375e-05,14.68669843673706,10.105059551879398,29.794965028762817,2.1449408531188965
192.168.2.55-8.8.4.4-61861-443-17,192.168.2.55,61861,8.8.4.4,443,17,2026-02-02 20:34:41,126757,9,11,3489,5486,1278,59,387.6666666666667,482.2263184669851,1278,50,498.72727272727275,470.74140573607946,70804.68722374158,157.7820328105662,0.009306232134501139,0.01731604710774779,0.04743599891662598,0.0,0.08703398704528809,0.01087924838066101,0.018610789807816913,0.04743599891662598,0.00012612342834472656,0.08047819137573242,0.008047819137573242,0.016095638297748748,0.04024100303649902,0.0,0,0,0,0,252,308,71.00191476475479,86.7801180458114,50,1278,448.75,479.14025869258785,229575.3875,0,0,0,0,0,0,0,0,1.2222222222222223,448.75,387.6666666666667,498.72727272727275,252,0,0,0,0,0,0,9,3489,11,5486,-1,-1,9,50,0.01152337681163441,0.018114247112748273,0.04537796974182129,0.00012612342834472656,0,0,0,0
192.168.2.55-8.8.8.8-50356-53-17,192.168.2.55,50356,8.8.8.8,53,17,2026-02-02 20:34:41,38101,1,1,56,132,56,56,56.0,0,132,132,132.0,0,4934.135647733886,52.49080476312644,0,0,0,0,0,0,0,0,0,0,0,0,0,0,0,0,0,0,28,28,26.24540238156322,26.24540238156322,56,132,94.0,38.0,1444.0,0,0,0,0,0,0,0,0,1.0,94.0,56.0,132.0,28,0,0,0,0,0,0,1,56,1,132,-1,-1,1,56,0.038101911544799805,0,0.038101911544799805,0.038101911544799805,0,0,0,0
192.168.2.55-8.8.8.8-50402-53-17,192.168.2.55,50402,8.8.8.8,53,17,2026-02-02 20:34:41,59248,1,1,56,88,56,56,56.0,0,88,88,88.0,0,2430.423873678111,33.75588713441821,0,0,0,0,0,0,0,0,0,0,0,0,0,0,0,0,0,0,28,28,16.877943567209105,16.877943567209105,56,88,72.0,16.0,256.0,0,0,0,0,0,0,0,0,1.0,72.0,56.0,88.0,28,0,0,0,0,0,0,1,56,1,88,-1,-1,1,56,0.059248924255371094,0,0.059248924255371094,0.059248924255371094,0,0,0,0
192.168.2.55-8.8.8.8-60931-443-17,192.168.2.55,60931,8.8.8.8,443,17,2026-02-02 20:34:41,123727,9,11,3486,5495,1278,59,387.3333333333333,482.3774455755576,1278,50,499.54545454545456,470.5904151626712,72587.17951860395,161.64609624452498,0.00915617412990994,0.016260712545858067,0.042550086975097656,0.0,0.0835261344909668,0.01044076681137085,0.017105199868121767,0.042550086975097656,0.00012803077697753906,0.08128499984741211,0.008128499984741211,0.015475556327352945,0.04093790054321289,0.0,0,0,0,0,252,308,72.74074331003625,88.90535293448875,50,1278,449.05,479.1935386667896,229626.4475,0,0,0,0,0,0,0,0,1.2222222222222223,449.05,387.3333333333333,499.54545454545456,252,0,0,0,0,0,0,9,3486,11,5495,-1,-1,9,50,0.009517467938936673,0.01644569784627697,0.0415949821472168,0.00011301040649414062,0,0,0,0
192.168.2.55-35.186.224.24-50312-443-17,192.168.2.55,50312,35.186.224.24,443,17,2026-02-02 20:34:41,357736,9,10,4380,4272,1278,59,486.6666666666667,498.21325197594297,1278,52,427.2,461.7754432621986,24185.37699380922,53.111669311416456,0.03584498517653521,0.03144092970067548,0.10401487350463867,0.0,0.29065990447998047,0.03633248805999756,0.030108035285170753,0.08028197288513184,0.00010800361633300781,0.31870484352111816,0.03541164928012424,0.032573853565875784,0.10401487350463867,0.0,0,0,0,0,252,280,25.158159147513057,27.9535101639034,52,1278,455.36842105263156,480.29949105535525,230687.60110803327,0,0,0,0,0,0,0,0,1.1111111111111112,455.36842105263156,486.6666666666667,427.2,252,0,0,0,0,0,0,9,4380,10,4272,-1,-1,9,52,0.022358551621437073,0.021052468826843397,0.0670769214630127,0.00010800361633300781,0,0,0,0
192.168.2.55-35.186.224.22-61112-443-17,192.168.2.55,61112,35.186.224.22,443,17,2026-02-02 20:34:41,228617,23,23,6024,5072,1278,59,261.9130434782609,365.98121988447514,1278,51,220.52173913043478,347.257061726201,48535.13080604405,201.209085893838,0.009201656688343395,0.016750919820698262,0.06069588661193848,0.0,0.22861790657043457,0.010391723025928844,0.016578507058004125,0.0528261661529541,9.584426879882812e-05,0.1762549877166748,0.008011590350757946,0.016837672571674598,0.06069588661193848,0.0,0,0,0,0,644,644,100.604542946919,100.604542946919,51,1278,241.2173913043478,357.34181134080177,127693.17013232515,0,0,0,0,0,0,0,0,1.0,241.2173913043478,261.9130434782609,220.52173913043478,644,0,0,0,0,0,0,23,6024,23,5072,-1,-1,23,51,0.00714430958032608,0.013873696836269546,0.05194902420043945,9.584426879882812e-05,0,0,0,0
192.168.2.55-35.186.224.35-9178-443-6,192.168.2.55,9178,35.186.224.35,443,6,2026-02-02 20:34:42,91793730,13,13,692,2359,83,40,53.23076923076923,19.846153846153847,453,40,181.46153846153845,164.84006952409982,33.23756391226342,0.2832437435984428,7.645282198985417,9.808822668946455,30.590115070343018,0.0371708869934082,91.79373097419739,7.649477581183116,9.78073495828066,30.469408988952637,0.13105297088623047,91.69304180145264,7.64108681678772,9.836828390039068,30.590115070343018,0.0371708869934082,4,9,0,0,520,520,0.1416218717992214,0.1416218717992214,40,453,117.34615384615384,133.7678650348294,17893.841715976334,0,0,0,13,26,0,0,0,1.0,117.34615384615384,53.23076923076923,181.46153846153845,520,0,0,0,0,0,0,13,692,13,2359,510,1044,13,40,0.08989298971075761,0.16744567197148838,0.7987148761749268,0.0371708869934082,15.014294028282166,9.068177567113203,30.469408988952637,2.5865700244903564
192.168.2.55-35.186.224.24-12298-443-6,192.168.2.55,12298,35.186.224.24,443,6,2026-02-02 20:34:45,88394092,8,8,2031,478,1438,40,253.875,450.1062201025442,135,40,59.75,31.051368729896595,28.384249907162932,0.18100757214611674,12.62107173034123,19.903241624375227,45.056451082229614,0.0,88.34894919395447,12.62127845627921,19.904635644706378,45.056451082229614,0.0,88.34605503082275,12.620865004403251,19.901847504252917,45.05428504943848,0.0,4,2,0,0,320,344,0.09050378607305837,0.09050378607305837,40,1438,156.8125,333.4681804066919,111201.02734375,0,0,0,6,16,0,0,0,1.0,156.8125,253.875,59.75,320,0,0,0,0,0,0,8,2031,8,478,512,854,8,40,0.03606075710720486,0.029203964910695292,0.09359598159790039,3.910064697265625e-05,44.034772634506226,0.9743695259094238,45.00914216041565,43.0604031085968
192.168.2.55-35.190.80.1-12941-443-6,192.168.2.55,12941,35.190.80.1,443,6,2026-02-02 20:34:45,24382123,3,3,121,205,41,40,40.333333333333336,0.4714045207910317,113,40,68.33333333333333,31.961782734314987,13.37045126612901,0.2460819251434787,12.178916990756989,12.129100832003175,24.332503080368042,0.049620866775512695,24.382123947143555,12.191061973571777,12.141441106796265,24.332503080368042,0.049620866775512695,24.3335440158844,12.1667720079422,12.116735816001892,24.283507823944092,0.05003619194030762,0,1,0,0,120,132,0.12304096257173935,0.12304096257173935,40,113,54.333333333333336,26.587382136812355,706.8888888888888,2,0,0,1,6,0,0,0,1.0,54.333333333333336,40.333333333333336,68.33333333333333,120,0,0,0,0,0,0,3,121,3,205,509,1044,3,40,0.024654030799865723,0.024404762428810976,0.0495760440826416,4.482269287109375e-05,24.283507823944092,0,24.283507823944092,24.283507823944092
142.250.199.196-192.168.2.55-443-60690-17,192.168.2.55,60690,142.250.199.196,443,17,2026-02-02 20:34:45,213886,7,8,2949,4223,1278,59,421.2857142857143,542.1883474233218,1278,52,527.875,518.3904024719208,33531.728420355656,70.13049725395075,0.023316071583674505,0.03375436470945236,0.1033029556274414,0.0,0.21388697624206543,0.035647829373677574,0.040554589723321224,0.1033029556274414,9.489059448242188e-05,0.08922195434570312,0.012745993477957589,0.021544223405979984,0.06372308731079102,0.0,0,0,0,0,196,224,32.727565385177016,37.402931868773734,52,1278,478.1333333333333,532.292008414763,283334.7822222222,0,0,0,0,0,0,0,0,1.1428571428571428,478.1333333333333,421.2857142857143,527.875,196,0,0,0,0,0,0,7,2949,8,4223,-1,-1,7,52,0.021388697624206542,0.02653600618524809,0.08906006813049316,9.489059448242188e-05,0,0,0,0
192.168.2.55-64.233.188.188-9407-5228-6,192.168.2.55,9407,64.233.188.188,5228,6,2026-02-02 20:34:48,102258169,5,5,229,262,66,40,45.8,10.107423014794621,66,40,52.4,8.2365041127896,4.801572339215668,0.09779169733636799,25.544353753328323,19.959508885936252,45.0856831073761,0.0075609683990478516,102.17851901054382,25.544629752635956,19.923691254868555,45.08363604545593,0.13535308837890625,102.17631101608276,25.54407775402069,19.995262352963998,45.0856831073761,0.0075609683990478516,1,1,0,0,200,236,0.04889584866818399,0.04889584866818399,40,66,49.1,9.792343948207701,95.89,0,0,0,2,10,0,0,0,1.0,49.1,45.8,52.4,200,0,0,0,0,0,0,5,229,5,262,510,1047,5,40,0.06274664402008057,0.027694105600484405,0.08185887336730957,0.0075609683990478516,33.96056334177653,15.58651163219488,45.004019021987915,11.917922019958496
192.168.2.55-35.186.224.22-13000-443-6,192.168.2.55,13000,35.186.224.22,443,6,2026-02-02 20:34:53,34314486,3,2,121,92,41,40,40.333333333333336,0.4714045207910317,52,40,46.0,6.0,6.20729099173651,0.14571105614404953,22.86244265238444,16.13130275018149,34.272841930389404,0.04933595657348633,34.314486026763916,17.157243013381958,17.10790705680847,34.26515007019043,0.04933595657348633,34.272841930389404,34.272841930389404,0,34.272841930389404,34.272841930389404,0,0,0,0,120,92,0.08742663368642972,0.05828442245761981,40,52,42.6,4.715930449020639,22.240000000000002,2,0,0,0,5,0,0,0,0.6666666666666666,42.6,40.333333333333336,46.0,120,0,0,0,0,0,0,3,121,2,92,510,1046,3,40,0.030285358428955078,0.021557254706112458,0.049211978912353516,0.0001239776611328125,34.22362995147705,0,34.22362995147705,34.22362995147705
192.168.2.55-199.232.210.248-13005-443-6,192.168.2.55,13005,199.232.210.248,443,6,2026-02-02 20:34:54,33877135,3,4,121,196,41,40,40.333333333333336,0.4714045207910317,64,40,49.0,9.9498743710662,9.357343814372259,0.20662904321957667,13.54232964515686,16.567091635217228,33.83451318740845,0.0,33.877135038375854,16.938567519187927,16.892478585243225,33.83104610443115,0.04608893394470215,33.83451318740845,11.278171062469482,15.94974247530812,33.83451318740845,0.0,0,1,0,0,120,172,0.08855530423696144,0.11807373898261525,40,64,45.285714285714285,8.663788114317889,75.06122448979592,2,0,1,1,7,0,0,0,1.3333333333333333,45.285714285714285,40.333333333333336,49.0,120,0,0,0,0,0,0,3,121,4,196,513,297,3,40,0.029483636220296223,0.02071273804756335,0.045829057693481445,0.0002598762512207031,33.788684129714966,0,33.788684129714966,33.788684129714966
192.168.2.55-199.232.210.248-13004-443-6,192.168.2.55,13004,199.232.210.248,443,6,2026-02-02 20:34:54,33832698,3,4,121,196,41,40,40.333333333333336,0.4714045207910317,64,40,49.0,9.9498743710662,9.369633846462959,0.20690043194082244,13.524939775466919,16.54575523246713,33.79200005531311,0.0,33.832698822021484,16.916349411010742,16.870166540145874,33.786515951156616,0.046182870864868164,33.79200005531311,11.264000018437704,15.929701592645392,33.79200005531311,0.0,0,1,0,0,120,172,0.0886716136889239,0.11822881825189854,40,64,45.285714285714285,8.663788114317889,75.06122448979592,2,0,1,1,7,0,0,0,1.3333333333333333,45.285714285714285,40.333333333333336,49.0,120,0,0,0,0,0,0,3,121,4,196,513,293,3,40,0.028889258702596027,0.020399798277282617,0.04596900939941406,0.00021386146545410156,33.746031045913696,0,33.746031045913696,33.746031045913696
192.168.2.55-34.54.84.110-13031-443-6,192.168.2.55,13031,34.54.84.110,443,6,2026-02-02 20:34:54,408512,14,15,2698,5402,1438,40,192.71428571428572,356.4831049034899,1438,40,360.1333333333333,545.765378976066,19828.01858497619,70.98920234127279,0.028092366677743418,0.04412614349612237,0.16968202590942383,0.0,0.38878393173217773,0.029906456287090596,0.04420949119308062,0.16503691673278809,0.0,0.36970996856689453,0.026407854897635325,0.043981660164829926,0.16968202590942383,0.0,7,5,0,0,572,612,34.27064940613169,36.7185529351411,40,1438,279.3103448275862,471.6073105987925,222413.45541022593,2,2,0,12,28,0,0,0,1.0714285714285714,279.3103448275862,192.71428571428572,360.1333333333333,572,0,0,0,0,0,0,14,2698,15,5402,64240,65535,14,40,0.01945299193972633,0.03680947598593028,0.16479992866516113,6.508827209472656e-05,0,0,0,0
192.168.2.55-34.54.84.110-13032-443-6,192.168.2.55,13032,34.54.84.110,443,6,2026-02-02 20:34:55,48334326,50,72,7786,52539,1438,40,155.72,257.766564162228,1438,40,729.7083333333334,667.7231927623735,1248.077814595482,2.524086090023188,0.8052654683589935,4.212606817975987,28.04281711578369,0.0,48.33432602882385,0.9864148169147725,4.643253576370327,28.04281711578369,0.0,48.29753017425537,0.6802469038627517,3.8827511583813124,28.035088062286377,0.0,25,34,0,0,2012,2892,1.0344615123045853,1.4896245777186028,40,1438,494.4672131147541,608.3135406014883,370045.36367911857,2,2,0,59,121,0,0,0,1.44,494.4672131147541,155.72,729.7083333333334,2012,0,0,0,0,0,0,50,7786,72,52539,64240,65535,50,40,0.03051628224989947,0.09922952433662026,0.8279738426208496,1.6927719116210938e-05,22.8702210187912,5.124842047691345,27.995063066482544,17.745378971099854
192.168.2.55-199.232.210.248-13003-443-6,192.168.2.55,13003,199.232.210.248,443,6,2026-02-02 20:34:55,102744896,45,152,4097,203416,499,40,91.04444444444445,144.23421624497587,1438,40,1338.2631578947369,326.8055460949963,2019.691549495886,1.9173701659688287,1.0533788754389837,5.800978466018728,45.04641890525818,0.0,102.70533990859985,2.3342122706499966,8.45652993974868,45.00682497024536,4.792213439941406e-05,102.70354080200195,0.6801558993510063,4.690577302045337,45.04641890525818,0.0,5,72,0,0,1800,6104,0.43797795669338724,1.4793922092754412,40,1438,1053.3654822335025,601.0994904233442,361320.59738720406,0,0,0,77,197,0,0,0,3.3777777777777778,1053.3654822335025,91.04444444444445,1338.2631578947369,1800,0,0,0,0,0,0,45,4097,152,203416,513,321,45,40,0.008354075161027319,0.03808331855477556,0.3337099552154541,2.09808349609375e-05,25.517054200172424,13.955517356712203,45.00682497024536,10.570024967193604
192.168.2.55-199.232.214.248-12964-443-6,192.168.2.55,12964,199.232.214.248,443,6,2026-02-02 20:34:56,91556807,21,117,2188,162060,713,40,104.19047619047619,197.5241080036318,1438,40,1385.128205128205,254.85053566601954,1793.946333398301,1.5072609347387216,1.3458187422331642,6.788459635166243,45.18397092819214,0.0,91.51494193077087,4.575747096538544,11.906836229062254,45.14205002784729,6.508827209472656e-05,91.51640701293945,0.7889345432149952,5.2417713914974895,45.18397092819214,0.0,2,24,0,0,840,4704,0.22936579441676197,1.2778951403219596,40,1438,1190.2028985507247,522.2008908709186,272693.77042638103,0,0,0,26,138,0,0,0,5.571428571428571,1190.2028985507247,104.19047619047619,1385.128205128205,840,0,0,0,0,0,0,21,2188,117,162060,1026,302,21,40,0.005004431750323321,0.01296926210829801,0.04347085952758789,1.6927719116210938e-05,30.457214673360188,12.499555728630344,45.14205002784729,14.592763900756836
192.168.2.55-4.213.25.241-8244-443-6,192.168.2.55,8244,4.213.25.241,443,6,2026-02-02 20:34:58,93010,1,1,41,52,41,41,41.0,0,52,52,52.0,0,999.8904727604565,21.50302091957971,0,0,0,0,0,0,0,0,0,0,0,0,0,0,0,0,0,0,40,52,10.751510459789856,10.751510459789856,41,52,46.5,5.5,30.25,0,0,0,0,2,0,0,0,1.0,46.5,41.0,52.0,40,0,0,0,0,0,0,1,41,1,52,510,7540,1,41,0.09301018714904785,0,0.09301018714904785,0.09301018714904785,0,0,0,0
118.69.17.161-192.168.2.55-443-13008-6,192.168.2.55,13008,118.69.17.161,443,6,2026-02-02 20:35:00,58571578,903,1754,56511,2464619,591,40,62.58139534883721,26.40031224524776,1438,40,1405.141961231471,152.83730413279352,43043.57309425242,45.363298882417276,0.04411588325787848,1.136560657680086,32.25888109207153,0.0,58.57157802581787,0.06493523062729253,1.3781547057765497,32.25888109207153,1.1920928955078125e-05,58.55609202384949,0.03340336110887022,0.9893556645968385,32.2579140663147,0.0,2,104,0,0,55408,70172,15.417033831698456,29.946265050718818,40,1438,948.8633797515995,648.111718127806,420048.79917457665,0,0,0,106,2657,0,0,0,1.9424141749723145,948.8633797515995,62.58139534883721,1405.141961231471,55408,0,0,0,0,0,0,903,56511,1754,2464619,16553,497,903,40,0.0003206281965342952,0.005634161664458113,0.17571520805358887,1.1920928955078125e-05,29.124513030052185,3.118981957435608,32.24349498748779,26.005531072616577
192.168.2.55-199.232.113.155-13018-443-6,192.168.2.55,13018,199.232.113.155,443,6,2026-02-02 20:35:01,90253354,3,3,123,156,41,41,41.0,0.0,52,52,52.0,0.0,3.0912978566498706,0.06647952379892196,45.106879234313965,0.003673576820385708,45.11111497879028,45.10222387313843,90.21553206443787,45.10776603221893,0.0033489465713500977,45.11111497879028,45.10441708564758,90.211984872818,45.105992436409,0.0037685632705688477,45.109760999679565,45.10222387313843,0,0,0,0,120,156,0.03323976189946098,0.03323976189946098,41,52,46.5,5.5,30.25,0,0,0,0,6,0,0,0,1.0,46.5,41.0,52.0,120,0,0,0,0,0,0,3,123,3,156,16481,298,3,41,0.03973547617594401,0.0014615824350748075,0.04136919975280762,0.03782200813293457,45.067073822021484,0.002671957015991211,45.069745779037476,45.06440186500549
192.168.2.55-8.8.8.8-64596-53-17,192.168.2.55,64596,8.8.8.8,53,17,2026-02-02 20:35:07,41119,1,1,65,129,65,65,65.0,0,129,129,129.0,0,4718.002249718786,48.639198450709124,0,0,0,0,0,0,0,0,0,0,0,0,0,0,0,0,0,0,28,28,24.319599225354562,24.319599225354562,65,129,97.0,32.0,1024.0,0,0,0,0,0,0,0,0,1.0,97.0,65.0,129.0,28,0,0,0,0,0,0,1,65,1,129,-1,-1,1,65,0.04111909866333008,0,0.04111909866333008,0.04111909866333008,0,0,0,0
1.1.1.1-192.168.2.55-53-64596-17,192.168.2.55,64596,1.1.1.1,53,17,2026-02-02 20:35:07,46442,1,1,65,129,65,65,65.0,0,129,129,129.0,0,4177.250482566019,43.064437964598135,0,0,0,0,0,0,0,0,0,0,0,0,0,0,0,0,0,0,28,28,21.532218982299067,21.532218982299067,65,129,97.0,32.0,1024.0,0,0,0,0,0,0,0,0,1.0,97.0,65.0,129.0,28,0,0,0,0,0,0,1,65,1,129,-1,-1,1,65,0.04644203186035156,0,0.04644203186035156,0.04644203186035156,0,0,0,0
192.168.2.55-216.239.38.223-13033-443-6,192.168.2.55,13033,216.239.38.223,443,6,2026-02-02 20:35:07,5187288,14,12,5651,2004,1438,40,403.64285714285717,562.6236508084063,1258,40,167.0,334.08905998251424,1475.722946612785,5.012252986535913,0.4307607114315033,0.4885276510050123,1.0524461269378662,0.0,5.187288045883179,0.3990221573756291,0.47919077826547957,1.0524461269378662,0.0,5.1509690284729,0.46826991167935456,0.496729416623724,1.0498838424682617,0.0,2,3,0,0,572,540,2.6989054542885684,2.3133475322473442,40,1438,294.4230769230769,485.6742476723169,235879.474852071,2,2,0,5,25,0,0,0,0.8571428571428571,294.4230769230769,403.64285714285717,167.0,572,0,0,0,0,0,0,14,5651,12,2004,64240,65535,14,40,0.07256181538105011,0.19596975640574749,0.8285298347473145,6.699562072753906e-05,1.0065747499465942,0.004501516471217419,1.0137059688568115,1.0013558864593506
192.168.2.55-8.8.8.8-64882-53-17,192.168.2.55,64882,8.8.8.8,53,17,2026-02-02 20:35:10,41790,1,1,79,287,79,79,79.0,0,287,287,287.0,0,8758.07430397079,47.85832952989502,0,0,0,0,0,0,0,0,0,0,0,0,0,0,0,0,0,0,28,28,23.92916476494751,23.92916476494751,79,287,183.0,104.0,10816.0,0,0,0,0,0,0,0,0,1.0,183.0,79.0,287.0,28,0,0,0,0,0,0,1,79,1,287,-1,-1,1,79,0.041790008544921875,0,0.041790008544921875,0.041790008544921875,0,0,0,0
1.1.1.1-192.168.2.55-53-64882-17,192.168.2.55,64882,1.1.1.1,53,17,2026-02-02 20:35:10,40068,1,1,79,239,79,79,79.0,0,239,239,239.0,0,7936.3366396725,49.914066916179245,0,0,0,0,0,0,0,0,0,0,0,0,0,0,0,0,0,0,28,28,24.957033458089622,24.957033458089622,79,239,159.0,80.0,6400.0,0,0,0,0,0,0,0,0,1.0,159.0,79.0,239.0,28,0,0,0,0,0,0,1,79,1,239,-1,-1,1,79,0.040068864822387695,0,0.040068864822387695,0.040068864822387695,0,0,0,0
142.250.198.170-192.168.2.55-443-13034-6,192.168.2.55,13034,142.250.198.170,443,6,2026-02-02 20:35:10,5234147,12,12,1764,2755,728,40,147.0,236.73191588799344,1438,40,229.58333333333334,397.7596548866608,863.3688202581016,4.585273663685426,0.4740440845489502,0.49824644006449853,1.1978280544281006,0.0,5.234147787094116,0.47583161700855603,0.4833597022879332,1.1978280544281006,0.0003590583801269531,5.194822072982788,0.47225655208934436,0.5126948778107931,1.1960680484771729,0.0,2,3,0,0,492,540,2.292636831842713,2.292636831842713,40,1438,188.29166666666666,329.8975193357611,108832.37326388888,2,2,0,5,23,0,0,0,1.0,188.29166666666666,147.0,229.58333333333334,492,0,0,0,0,0,0,12,1764,12,2755,64240,65535,12,40,0.10385415428563168,0.22207164222484463,0.8965799808502197,5.3882598876953125e-05,1.086972951889038,0.04179542643049077,1.1454319953918457,1.0501809120178223
192.168.2.55-35.215.189.119-64883-50004-17,192.168.2.55,64883,35.215.189.119,50004,17,2026-02-02 20:35:10,60084512,48,1981,2814,402171,102,36,58.625,18.7223407101427,371,36,203.01413427561837,86.60397311692282,6740.256018116039,33.76910122784163,0.058924043831357124,0.24673765398231542,3.022307872772217,0.0,59.40094494819641,1.2638498925148172,0.8570054984922117,3.022307872772217,0.029268980026245117,60.03809189796448,0.030322268635335596,0.09802752016936257,0.9089329242706299,0.0,0,0,0,0,1344,55468,0.7988747456561844,32.970226482185446,36,371,199.59832429768358,88.38917047925135,7812.645458010159,0,0,0,0,0,0,0,0,41.270833333333336,199.59832429768358,58.625,203.01413427561837,1344,0,0,0,0,0,0,48,2814,1981,402171,-1,-1,48,36,0.0339460525135536,0.09504270616851168,0.9089329242706299,7.796287536621094e-05,0,0,0,0
104.26.7.21-192.168.2.55-443-63457-17,192.168.2.55,63457,104.26.7.21,443,17,2026-02-02 20:35:11,1230412,14,13,7772,6016,1278,71,555.1428571428571,547.0866811892736,1228,51,462.7692307692308,484.10490818641523,11205.993798546948,21.943852085927446,0.09680124282836915,0.18486737944740902,0.7198538780212402,0.0,1.2304129600524902,0.09464715077326848,0.17318423487245707,0.6452591419219971,4.9114227294921875e-05,1.1896181106567383,0.0991348425547282,0.19671614494184897,0.7198538780212402,0.0,0,0,0,0,392,364,11.3782936741846,10.565558411742844,51,1278,510.6666666666667,519.7727423631444,270163.70370370365,0,0,0,0,0,0,0,0,0.9285714285714286,510.6666666666667,555.1428571428571,462.7692307692308,392,0,0,0,0,0,0,14,7772,13,6016,-1,-1,14,51,0.05592786182056774,0.1365319553351981,0.6452591419219971,4.9114227294921875e-05,0,0,0,0
162.159.129.232-192.168.2.55-443-54388-17,192.168.2.55,54388,162.159.129.232,443,17,2026-02-02 20:35:20,42220829,174,1124,20645,1354856,1278,71,118.64942528735632,207.1945281605422,1228,52,1205.3879003558718,148.0242864903093,32578.729531918878,30.743119003498144,0.06511491426715145,1.1641261947560475,26.231523036956787,0.0,42.22082996368408,0.24405104025250915,2.241494009289534,26.213293075561523,4.291534423828125e-05,42.16809892654419,0.03754950928454514,0.8855877920798262,26.231523036956787,0.0,0,0,0,0,4872,31472,4.121188525892664,26.62193047760548,52,1278,1059.7080123266564,402.2711317426238,161822.0634334914,0,0,0,0,0,0,0,0,6.459770114942529,1059.7080123266564,118.64942528735632,1205.3879003558718,4872,0,0,0,0,0,0,174,20645,1124,1354856,-1,-1,174,52,0.008221370004089583,0.052766126362760006,0.6272110939025879,2.86102294921875e-06,20.012924551963806,6.174456477165222,26.18738102912903,13.838468074798584
192.168.2.55-35.186.224.22-59659-443-17,192.168.2.55,59659,35.186.224.22,443,17,2026-02-02 20:35:21,42453060,197,258,50771,149181,1278,59,257.7208121827411,362.1079826373559,1278,51,578.2209302325581,556.6368223222626,4709.954851876275,10.717719540708295,0.1872169908308825,0.7486676307535248,5.209871053695679,0.0,42.40399503707886,0.21634691345448398,0.7994964249087225,5.209871053695679,4.1961669921875e-05,42.40530180931091,0.16500117435529538,0.7066462524821197,5.1795501708984375,0.0,0,0,0,0,5516,7224,4.640419229713262,6.077300310995033,51,1278,439.45494505494503,507.62405147942076,257682.17764038162,0,0,0,0,0,0,0,0,1.3096446700507614,439.45494505494503,257.7208121827411,578.2209302325581,5516,0,0,0,0,0,0,197,50771,258,149181,-1,-1,197,51,0.022676416564595597,0.07472429093314854,0.824333906173706,4.100799560546875e-05,3.4448285818099977,0.9930476459588754,5.132747173309326,2.0621888637542725
192.168.2.55-8.8.4.4-55215-443-17,192.168.2.55,55215,8.8.4.4,443,17,2026-02-02 20:35:28,17647078,27,37,6011,10965,1278,59,222.62962962962962,309.98556097175555,1278,50,296.35135135135135,351.04833086952846,961.9722859589007,3.6266627180354405,0.5679614351641747,2.327657412809813,12.612377166748047,0.0,17.607372045516968,0.677206617135268,2.525651392668943,12.608587980270386,0.0001361370086669922,17.606236934661865,0.4890621370739407,2.170055876333732,12.612377166748047,0.0,0,0,0,0,756,1036,1.5299983341712016,2.096664383864239,50,1278,265.25,336.3170472188408,113109.15625,0,0,0,0,0,0,0,0,1.3703703703703705,265.25,222.62962962962962,296.35135135135135,756,0,0,0,0,0,0,27,6011,37,10965,-1,-1,27,50,0.01801932689755462,0.055681902577204394,0.36441898345947266,1.1920928955078125e-05,8.436123490333557,4.131025671958923,12.56714916229248,4.305097818374634
192.168.2.55-35.186.224.24-52953-443-17,192.168.2.55,52953,35.186.224.24,443,17,2026-02-02 20:35:28,25348284,18,22,5163,8374,1278,59,286.8333333333333,403.81888817196807,1278,52,380.6363636363636,489.9728698847932,534.0400749586057,1.5780160300173027,1.3308973688828318,3.801701390991505,13.97773289680481,0.0,25.27622699737549,1.486836882198558,3.9897744017190466,13.972841024398804,0.00011205673217773438,25.29787302017212,1.2046606200081962,3.637452891024051,13.97773289680481,0.0,0,0,0,0,504,616,0.7101072135077863,0.8679088165095166,52,1278,338.425,455.6308751335888,207599.494375,0,0,0,0,0,0,0,0,1.2222222222222223,338.425,286.8333333333333,380.6363636363636,504,0,0,0,0,0,0,18,5163,22,8374,-1,-1,18,52,0.02757091075181961,0.02494054846485501,0.07205796241760254,0.00011205673217773438,12.233007907867432,1.6743810176849365,13.907388925552368,10.558626890182495
192.168.2.55-35.186.224.24-65467-443-17,192.168.2.55,65467,35.186.224.24,443,17,2026-02-02 20:35:28,36214468,42,60,8740,46641,1278,59,208.0952380952381,319.5307429522392,1278,52,777.35,559.5132654072347,1529.2506447435894,2.8165537957755573,0.7237924599647522,2.504203601942607,13.880795955657959,0.0,36.21446895599365,0.8832797306339916,2.739031859710472,13.8753080368042,6.699562072753906e-05,36.16477704048157,0.6129623227200266,2.320658336311594,13.880795955657959,0.0,0,0,0,0,1176,1680,1.159757445319347,1.65679635045621,52,1278,542.9509803921569,551.9792085003618,304681.04661668587,0,0,0,0,0,0,0,0,1.4285714285714286,542.9509803921569,208.0952380952381,777.35,1176,0,0,0,0,0,0,42,8740,60,46641,-1,-1,42,52,0.03339628434517014,0.05112629109922784,0.31282711029052734,6.699562072753906e-05,6.768666553497314,4.606027168160002,13.80769395828247,1.9109859466552734
118.69.17.154-192.168.2.55-443-13035-6,192.168.2.55,13035,118.69.17.154,443,6,2026-02-02 20:35:28,67213920,62,290,6473,362381,1424,40,104.40322580645162,198.62376978870896,1438,40,1249.5896551724138,446.964197320197,5487.76199090808,5.237010363991293,0.3840059219087873,3.5613082034947356,45.084216833114624,0.0,67.19817280769348,1.101609390290057,5.964612553005839,45.06838393211365,0.0,67.20389986038208,0.232539445883675,2.778317780813909,45.084216833114624,0.0,21,69,0,0,2504,11636,0.9224279618393755,4.314582402151918,40,1438,1047.8806818181818,601.5361136211559,361845.6959904442,0,3,0,90,351,0,0,0,4.67741935483871,1047.8806818181818,104.40322580645162,1249.5896551724138,2504,0,0,0,0,0,0,62,6473,290,362381,64240,64240,62,40,0.017948615784738577,0.0662163887050161,0.39823293685913086,2.5033950805664062e-05,16.34579050540924,17.138523810391206,45.06838393211365,2.4349660873413086
192.168.2.55-8.8.8.8-51694-443-17,192.168.2.55,51694,8.8.8.8,443,17,2026-02-02 20:35:28,4919704,17,22,4712,7628,1278,59,277.1764705882353,375.0441911678139,1278,51,346.72727272727275,400.66855286657864,2508.280519965894,7.927304722744723,0.26472486032022013,1.0824051945123632,4.797638893127441,0.0,4.919704914093018,0.3074815571308136,1.156792725162871,4.787319898605347,7.891654968261719e-05,4.875114917755127,0.2321483294169108,1.0209004112967173,4.797638893127441,0.0,0,0,0,0,476,616,3.455491802222059,4.471812920522664,51,1278,316.4102564102564,391.2292735854395,153060.34451019065,0,0,0,0,0,0,0,0,1.2941176470588236,316.4102564102564,277.1764705882353,346.72727272727275,476,0,0,0,0,0,0,17,4712,22,7628,-1,-1,17,51,0.0063119641056767215,0.01269791373947551,0.048187971115112305,7.605552673339844e-05,4.749281883239746,0,4.749281883239746,4.749281883239746
192.168.2.55-35.186.224.24-56236-443-17,192.168.2.55,56236,35.186.224.24,443,17,2026-02-02 20:35:28,31691019,19,19,10913,5665,1278,59,574.3684210526316,548.6756505706135,1278,52,298.1578947368421,442.3089255210298,523.1135032149136,1.1990778816604366,1.7589092188411288,6.611764948753891,29.00800609588623,0.0,31.670856952667236,1.7594920529259577,6.61484231058534,29.00800609588623,3.886222839355469e-05,31.649874925613403,1.7583263847563002,6.608686102535052,28.980669021606445,0.0,0,0,0,0,532,532,0.5995389408302183,0.5995389408302183,52,1278,436.2631578947368,517.121012214973,267414.14127423824,0,0,0,0,0,0,0,0,1.0,436.2631578947368,574.3684210526316,298.1578947368421,532,0,0,0,0,0,0,19,10913,19,5665,-1,-1,19,52,0.04544420102063347,0.07752783600437725,0.39055490493774414,3.886222839355469e-05,15.072958111763,13.868951916694641,28.94191002845764,1.2040061950683594
118.69.17.168-192.168.2.55-443-13036-6,192.168.2.55,13036,118.69.17.168,443,6,2026-02-02 20:35:28,14206963,9,11,2458,4719,1424,40,273.1111111111111,449.66862970771035,1438,40,429.0,531.4484495653878,505.17481945539595,1.4077603997642356,1.577030168639289,3.2490309888626454,10.013535022735596,0.0,14.192600011825562,1.7740750014781952,3.3939443276285126,10.013535022735596,0.0,14.19394302368164,1.419394302368164,3.119321621983592,10.013516187667847,0.0,2,6,0,0,372,452,0.633492179893906,0.7742682198703297,40,1438,358.85,502.34054932883924,252346.0275,2,2,0,8,19,0,0,0,1.2222222222222223,358.85,273.1111111111111,429.0,372,0,0,0,0,0,0,9,2458,11,4719,64240,64240,9,40,0.006336307525634766,0.007541935170252244,0.019766807556152344,4.315376281738281e-05,7.071799993515015,2.9416730403900146,10.01347303390503,4.130126953125
1.1.1.1-192.168.2.55-53-52089-17,192.168.2.55,52089,1.1.1.1,53,17,2026-02-02 20:35:28,44000,1,1,55,312,55,55,55.0,0,312,312,312.0,0,8340.745303517147,45.45365288020243,0,0,0,0,0,0,0,0,0,0,0,0,0,0,0,0,0,0,28,28,22.726826440101217,22.726826440101217,55,312,183.5,128.5,16512.25,0,0,0,0,0,0,0,0,1.0,183.5,55.0,312.0,28,0,0,0,0,0,0,1,55,1,312,-1,-1,1,55,0.044000864028930664,0,0.044000864028930664,0.044000864028930664,0,0,0,0
1.1.1.1-192.168.2.55-53-59128-17,192.168.2.55,59128,1.1.1.1,53,17,2026-02-02 20:35:28,47072,1,1,55,354,55,55,55.0,0,354,354,354.0,0,8688.653329146366,42.48730234301401,0,0,0,0,0,0,0,0,0,0,0,0,0,0,0,0,0,0,28,28,21.243651171507004,21.243651171507004,55,354,204.5,149.5,22350.25,0,0,0,0,0,0,0,0,1.0,204.5,55.0,354.0,28,0,0,0,0,0,0,1,55,1,354,-1,-1,1,55,0.0470728874206543,0,0.0470728874206543,0.0470728874206543,0,0,0,0
192.168.2.55-239.255.255.250-58983-1900-17,192.168.2.55,58983,239.255.255.250,1900,17,2026-02-02 20:35:31,3010499,4,0,792,0,198,198,198.0,0.0,0,0,0,0,263.0792267207478,1.3286829632361001,1.003499984741211,0.003992266304359473,1.009131908416748,1.0003399848937988,3.010499954223633,1.003499984741211,0.003992266304359473,1.009131908416748,1.0003399848937988,0,0,0,0,0,0,0,0,0,112,0,1.3286829632361001,0.0,198,198,198.0,0.0,0.0,0,0,0,0,0,0,0,0,0.0,198.0,198.0,0,112,0,0,0,0,0,0,4,792,0,0,-1,-1,4,198,0,0,0,0,1.003499984741211,0.003992266304359473,1.009131908416748,1.0003399848937988
192.168.2.55-35.186.224.22-55031-443-17,192.168.2.55,55031,35.186.224.22,443,17,2026-02-02 20:35:32,40221199,76,58,57082,7434,1278,59,751.078947368421,565.5141061844777,1278,51,128.17241379310346,233.16459614223942,1604.0297160982986,3.331576383488933,0.6085985158429001,1.7644911542877182,9.04215407371521,0.0,40.15418314933777,0.535389108657837,1.6692109953479661,9.03521990776062,3.1948089599609375e-05,40.18082094192505,0.7049266831916675,1.8781843159464644,9.04215407371521,0.0,0,0,0,0,2128,1624,1.889550784665365,1.442025598823568,51,1278,481.46268656716416,547.874858474092,300166.86054800625,0,0,0,0,0,0,0,0,0.7631578947368421,481.46268656716416,751.078947368421,128.17241379310346,2128,0,0,0,0,0,0,76,57082,58,7434,-1,-1,76,51,0.023580995765892235,0.026152697024168996,0.09305596351623535,3.1948089599609375e-05,4.178189939922756,2.747331378999656,8.970575094223022,1.5847969055175781
192.168.2.55-8.8.4.4-55703-443-17,192.168.2.55,55703,8.8.4.4,443,17,2026-02-02 20:35:38,11192972,34,35,5187,9364,1278,61,152.55882352941177,211.39511252300966,1278,50,267.54285714285714,311.7169359583552,1300.0120818635912,6.164582066427585,0.3331216235659016,1.2683276173895548,6.020116090774536,0.0,11.170249938964844,0.338492422392874,1.2734572883692135,6.005699872970581,8.678436279296875e-05,11.148898839950562,0.32790878941031065,1.2633070647836109,6.020116090774536,0.0,0,0,0,0,952,980,3.0376201486744625,3.1269619177531234,50,1278,210.8840579710145,273.153061950801,74612.5952530981,0,0,0,0,0,0,0,0,1.0294117647058822,210.8840579710145,152.55882352941177,267.54285714285714,952,0,0,0,0,0,0,34,5187,35,9364,-1,-1,34,50,0.013561402426825629,0.02145442687832269,0.10878992080688477,8.678436279296875e-05,5.2913548946380615,0.6874949932098389,5.9788498878479,4.603859901428223
192.168.2.55-49.213.95.187-13037-443-6,192.168.2.55,13037,49.213.95.187,443,6,2026-02-02 20:35:38,35147330,21,36,2522,31180,583,40,120.0952380952381,156.78523520192923,1438,40,866.1111111111111,634.5939111737249,958.8779561969346,1.6217448075255259,1.2776517261158336,5.650142576788079,30.00142788887024,0.0,35.13097095489502,1.7565485477447509,6.5666739862976105,30.00142788887024,5.698204040527344e-05,35.13987398147583,1.003996399470738,5.031881417825787,29.952970027923584,0.0,8,12,0,0,852,1452,0.5974849290883517,1.0242598784371744,40,1438,591.2631578947369,626.8163369134588,392898.7202216067,2,2,0,20,56,0,0,0,1.7142857142857142,591.2631578947369,120.0952380952381,866.1111111111111,852,0,0,0,0,0,0,21,2522,36,31180,64240,42340,21,40,0.008836305502689245,0.01795497228284344,0.07984304428100586,1.5974044799804688e-05,17.427865982055664,12.52510404586792,29.952970027923584,4.902761936187744
192.168.2.55-49.213.95.122-13038-443-6,192.168.2.55,13038,49.213.95.122,443,6,2026-02-02 20:35:38,34874228,17,25,2465,16007,590,40,145.0,173.89719748781937,1340,40,640.28,581.333055657426,529.6748074153942,1.2043277344871457,1.7429621517658234,6.506215765858577,29.758148908615112,0.0,34.86667203903198,2.179167002439499,7.2091449899329705,29.75814700126648,0.00012493133544921875,34.85181403160095,1.452158917983373,5.974290085634853,29.758148908615112,0.0,7,10,0,0,692,1004,0.4874659877686066,0.7168617467185391,40,1340,439.8095238095238,522.0156099698113,272500.2970521542,2,2,0,17,41,0,0,0,1.4705882352941178,439.8095238095238,145.0,640.28,692,0,0,0,0,0,0,17,2465,25,16007,64240,29200,17,40,0.017799368611088506,0.04333262903466397,0.22261714935302734,4.8160552978515625e-05,17.19682252407074,12.561276316642761,29.7580988407135,4.6355462074279785
192.168.2.55-49.213.95.122-13039-443-6,192.168.2.55,13039,49.213.95.122,443,6,2026-02-02 20:35:38,30158769,12,13,1776,3948,571,40,148.0,189.4166483355322,1438,40,303.6923076923077,448.7777220261521,189.7955442144351,0.8289462972328576,2.621187572893889,8.450928826110552,30.005282878875732,0.0,30.150463104248047,2.740951191295277,8.621755365426166,30.005282878875732,0.0002300739288330078,30.1368510723114,2.51140425602595,8.289726714789374,30.005246877670288,0.0,5,7,0,0,492,532,0.39789422267177166,0.43105207456108596,40,1438,228.96,357.7720480976679,128000.83839999998,2,2,0,12,24,0,0,0,1.0833333333333333,228.96,148.0,303.6923076923077,492,0,0,0,0,0,0,12,1776,13,3948,64240,42340,12,40,0.008531345261467827,0.01432914355562814,0.05553102493286133,4.1961669921875e-05,30.005204916000366,0,30.005204916000366,30.005204916000366
192.168.2.55-8.8.4.4-49437-443-17,192.168.2.55,49437,8.8.4.4,443,17,2026-02-02 20:35:41,124347,9,9,3422,3876,1278,61,380.22222222222223,485.83737054418117,1278,50,430.6666666666667,420.78550883371025,58690.163016989645,144.75512939241074,0.010479003190994263,0.015948083152032805,0.04164886474609375,0.0,0.08354306221008301,0.010442882776260376,0.015228536803517951,0.040760040283203125,0.00015783309936523438,0.0841209888458252,0.01051512360572815,0.016636459055444558,0.04164886474609375,0.0,0,0,0,0,252,252,72.37756469620537,72.37756469620537,50,1278,405.44444444444446,455.17618349897367,207185.35802469138,0,0,0,0,0,0,0,0,1.0,405.44444444444446,380.22222222222223,430.6666666666667,252,0,0,0,0,0,0,9,3422,9,3876,-1,-1,9,50,0.009565225014319787,0.014814997082056646,0.04080486297607422,0.00014400482177734375,0,0,0,0
192.168.2.55-49.213.95.184-13040-443-6,192.168.2.55,13040,49.213.95.184,443,6,2026-02-02 20:35:41,30090913,13,16,1508,5208,557,40,116.0,144.59758482928245,1438,40,325.5,463.0313164355085,223.19030290656548,0.9637460965292435,2.2285115983751087,7.843709376519528,29.96948504447937,0.0,30.090840101242065,2.5075700084368386,8.274468755442964,29.950791120529175,0.0001881122589111328,30.078973054885864,2.0052648703257243,7.473767034336396,29.96948504447937,0.0,5,7,0,0,532,652,0.43202411223724707,0.5317219842919964,40,1438,231.58620689655172,372.17798089747697,138516.4494649227,3,2,0,12,28,0,0,0,1.2307692307692308,231.58620689655172,116.0,325.5,532,0,0,0,0,0,0,13,1508,16,5208,64240,42340,13,40,0.007379582053736637,0.013314117346556138,0.05823183059692383,6.508827209472656e-05,29.950700998306274,0,29.950700998306274,29.950700998306274
192.168.2.55-199.232.214.248-13042-443-6,192.168.2.55,13042,199.232.214.248,443,6,2026-02-02 20:35:45,45351540,45,183,4570,253223,1438,40,101.55555555555556,241.72808925692206,1438,40,1383.7322404371585,259.5035179834758,5684.327356823255,5.027392665261284,0.40095557575732205,4.220480781787362,45.08641314506531,0.0,45.31122708320618,1.029800615527413,6.712431075976503,45.04608201980591,0.0,45.30473303794861,0.24892710460411324,3.332748941071573,45.08641314506531,0.0,3,83,0,0,1812,7344,0.9922485523542007,4.035144112907083,40,1438,1130.671052631579,570.9752979914595,326012.7909164359,0,2,0,86,227,0,0,0,4.066666666666666,1130.671052631579,101.55555555555556,1383.7322404371585,1812,0,0,0,0,0,0,45,4570,183,253223,64240,65535,45,40,0.003593624339384191,0.010051783870335573,0.052217960357666016,1.811981201171875e-05,45.04608201980591,0,45.04608201980591,45.04608201980591
192.168.2.55-199.232.214.250-13043-443-6,192.168.2.55,13043,199.232.214.250,443,6,2026-02-02 20:35:45,45382503,15,48,3452,52783,1438,40,230.13333333333333,374.94868389628414,1438,40,1099.6458333333333,587.0893774085614,1239.13394462839,1.3882002047050515,1.4867047716359623,8.049097176779114,45.20670294761658,0.0,45.34437799453735,3.238884142466954,11.638534982212052,45.20217490196228,0.0,45.34461307525635,0.9647790016011989,6.5231241274764145,45.20670294761658,0.0,6,21,0,0,612,1944,0.3305238582631075,1.0576763464419439,40,1438,892.6190476190476,658.2051214168804,433233.9818594103,0,2,0,27,62,0,0,0,3.2,892.6190476190476,230.13333333333333,1099.6458333333333,612,0,0,0,0,0,0,15,3452,48,52783,64240,65535,15,40,0.010696256160736084,0.01702578477423548,0.050276994705200195,4.696846008300781e-05,45.168577909469604,0,45.168577909469604,45.168577909469604
1.1.1.1-192.168.2.55-53-53774-17,192.168.2.55,53774,1.1.1.1,53,17,2026-02-02 20:35:47,47116,1,1,66,146,66,66,66.0,0,146,146,146.0,0,4499.52913434437,42.44838805985255,0,0,0,0,0,0,0,0,0,0,0,0,0,0,0,0,0,0,28,28,21.224194029926274,21.224194029926274,66,146,106.0,40.0,1600.0,0,0,0,0,0,0,0,0,1.0,106.0,66.0,146.0,28,0,0,0,0,0,0,1,66,1,146,-1,-1,1,66,0.04711604118347168,0,0.04711604118347168,0.04711604118347168,0,0,0,0
1.1.1.1-192.168.2.55-53-55958-17,192.168.2.55,55958,1.1.1.1,53,17,2026-02-02 20:35:47,46860,1,1,66,115,66,66,66.0,0,115,115,115.0,0,3862.492426824863,42.6794743295565,0,0,0,0,0,0,0,0,0,0,0,0,0,0,0,0,0,0,28,28,21.33973716477825,21.33973716477825,66,115,90.5,24.5,600.25,0,0,0,0,0,0,0,0,1.0,90.5,66.0,115.0,28,0,0,0,0,0,0,1,66,1,115,-1,-1,1,66,0.04686093330383301,0,0.04686093330383301,0.04686093330383301,0,0,0,0
192.168.2.55-42.119.185.88-13044-443-6,192.168.2.55,13044,42.119.185.88,443,6,2026-02-02 20:35:49,45106450,14,41,1668,43001,670,40,119.14285714285714,166.04640364447917,1438,40,1048.8048780487804,585.6823504135674,990.3018286722348,1.2193378087034166,1.7018433606849526,8.577235088252351,45.01827597618103,0.0,45.099465131759644,3.469189625519973,11.992152509719626,45.01121401786804,0.0001049041748046875,45.09823298454285,1.127455824613571,7.028157797923345,45.01827597618103,0.0,5,14,0,0,584,1664,0.31037689676086966,0.9089609119425469,40,1438,812.1636363636363,653.2412547133747,426724.13685950416,0,2,0,19,54,0,0,0,2.9285714285714284,812.1636363636363,119.14285714285714,1048.8048780487804,584,0,0,0,0,0,0,14,1668,41,43001,64240,64240,14,40,0.004535050619216193,0.006187068922045418,0.0189821720123291,2.5033950805664062e-05,45.01121401786804,0,45.01121401786804,45.01121401786804
192.168.2.55-34.54.84.110-13045-443-6,192.168.2.55,13045,34.54.84.110,443,6,2026-02-02 20:35:55,736078,24,32,4493,21046,1438,40,187.20833333333334,312.0396581588451,1438,40,657.6875,658.3576838191759,34696.00515395297,76.07879277267575,0.026527409200315124,0.060248170147797174,0.320537805557251,0.0,0.7360789775848389,0.032003433808036476,0.061315651162461106,0.2715790271759033,0.0,0.6964011192321777,0.022464552233296055,0.05911690198111754,0.320537805557251,0.0,13,14,0,0,984,1304,32.60519690257532,43.47359587010043,40,1438,456.05357142857144,586.1866907528832,343614.8364158164,2,2,0,27,55,0,0,0,1.3333333333333333,456.05357142857144,187.20833333333334,657.6875,984,0,0,0,0,0,0,24,4493,32,21046,64240,65535,24,40,0.019370499410127338,0.0462962301237364,0.2715790271759033,3.695487976074219e-05,0,0,0,0
192.168.2.55-35.215.189.119-60577-50004-17,192.168.2.55,60577,35.215.189.119,50004,17,2026-02-02 20:36:10,31850950,30,931,1810,178867,102,36,60.333333333333336,19.596484945576904,352,36,192.12352309344791,75.03333161837628,5672.57788464899,30.171783609134973,0.06586967867034817,0.25216113477656493,3.0285909175872803,0.0,31.850950956344604,1.0983086536670554,0.7728228516710665,3.0285909175872803,0.04301714897155762,31.318070888519287,0.033675345041418586,0.1125555765284522,0.9029629230499268,0.0,0,0,0,0,840,26068,0.9418871053840262,29.229896503750947,36,352,188.00936524453695,77.40487039042829,5991.513960159001,0,0,0,0,0,0,0,0,31.033333333333335,188.00936524453695,60.333333333333336,192.12352309344791,840,0,0,0,0,0,0,30,1810,931,178867,-1,-1,30,36,0.035233352827814826,0.10117196042634417,0.9029629230499268,0.00010013580322265625,0,0,0,0
192.168.2.55-34.54.84.110-13047-443-6,192.168.2.55,13047,34.54.84.110,443,6,2026-02-02 20:36:23,1936553,26,47,5333,37138,1438,40,205.1153846153846,315.9772785067692,1438,40,790.1702127659574,659.1584679887161,21931.23553510425,37.69584408331827,0.05342694403420032,0.14891549787995584,0.753737211227417,0.0,1.8983650207519531,0.07593460083007812,0.17643067600264215,0.7502648830413818,0.0,1.8949480056762695,0.041194521862527596,0.1299448947503266,0.753737211227417,0.0,16,22,0,0,1064,1892,13.425917070770891,24.26992701254738,40,1438,581.7945205479452,627.527589502178,393790.87558641395,0,2,0,38,72,0,0,0,1.8076923076923077,581.7945205479452,205.1153846153846,790.1702127659574,1064,0,0,0,0,0,0,26,5333,47,37138,64240,65535,26,40,0.047233000034239234,0.13137726307073266,0.7147970199584961,2.9087066650390625e-05,0,0,0,0
192.168.2.55-8.8.8.8-58448-53-17,192.168.2.55,58448,8.8.8.8,53,17,2026-02-02 20:36:42,45134,1,1,76,108,76,76,76.0,0,108,108,108.0,0,4076.7431354526534,44.31242538535493,0,0,0,0,0,0,0,0,0,0,0,0,0,0,0,0,0,0,28,28,22.156212692677464,22.156212692677464,76,108,92.0,16.0,256.0,0,0,0,0,0,0,0,0,1.0,92.0,76.0,108.0,28,0,0,0,0,0,0,1,76,1,108,-1,-1,1,76,0.04513406753540039,0,0.04513406753540039,0.04513406753540039,0,0,0,0
104.18.157.37-192.168.2.55-443-13050-6,192.168.2.55,13050,104.18.157.37,443,6,2026-02-02 20:36:42,707282,15,23,3208,22527,557,40,213.86666666666667,180.38805084841096,1438,40,979.4347826086956,561.1557038893585,36385.7663364521,53.726796999618415,0.03826125462849935,0.07922540834346656,0.41300487518310547,0.0,0.7072820663452148,0.05052014759608677,0.06611846556681955,0.2652168273925781,0.0001480579376220703,0.6701231002807617,0.030460140921852806,0.08562976391195454,0.41300487518310547,0.0,8,12,0,0,624,944,21.2079461840599,32.518850815558515,40,1438,677.2368421052631,586.0622579740199,343468.97022160667,0,2,0,20,37,0,0,0,1.5333333333333334,677.2368421052631,213.86666666666667,979.4347826086956,624,0,0,0,0,0,0,15,3208,23,22527,64240,65535,15,40,0.027203156397892878,0.052027288528014595,0.2652168273925781,3.600120544433594e-05,0,0,0,0
192.168.2.55-8.8.8.8-55472-53-17,192.168.2.55,55472,8.8.8.8,53,17,2026-02-02 20:36:42,1,1,0,72,0,72,72,72.0,0,0,0,0,0,72000000.0,1000000.0,0,0,0,0,0,0,0,0,0,0,0,0,0,0,0,0,0,0,28,0,1000000.0,0.0,72,72,72.0,0,0,0,0,0,0,0,0,0,0,0.0,72.0,72.0,0,28,0,0,0,0,0,0,1,72,0,0,-1,-1,1,72,0,0,0,0,0,0,0,0
1.1.1.1-192.168.2.55-53-55472-17,192.168.2.55,55472,1.1.1.1,53,17,2026-02-02 20:36:42,1,1,0,72,0,72,72,72.0,0,0,0,0,0,72000000.0,1000000.0,0,0,0,0,0,0,0,0,0,0,0,0,0,0,0,0,0,0,28,0,1000000.0,0.0,72,72,72.0,0,0,0,0,0,0,0,0,0,0,0.0,72.0,72.0,0,28,0,0,0,0,0,0,1,72,0,0,-1,-1,1,72,0,0,0,0,0,0,0,0
